19 0.46133031718749995 0.5447398125 0.4705005640625 0.5417287953125001 0.4748812296875 0.4343505515625 0.47391626875000004 0.38143782656249997 0.4386327328125 0.3812323015625 0.42819031093750004 0.3815357765625 0.385986921875 0.3881637890625 0.3702341375 0.5462772265625 0.3764952578125 0.5504497796875001 0.4137475859375 0.5485987296875 0.46133031718749995 0.5447398125
18 0.4448534135353503 0.3914296906031393 0.049529563140062294 0.01931362133990877
17 0.4314888635494677 0.4064188912715029 0.058813557878390196 0.017860209341181488
28 0.431542071456093 0.4189098006047301 0.06037605787839038 0.01787839067472703
2 0.43076852673188226 0.43219105060473006 0.058904563140062295 0.01942270934118149
6 0.4299494793768356 0.4462535506047301 0.05872255261671846 0.016297709341181486
11 0.426786682021789 0.46034332260504823 0.05716005261671846 0.016279528007635945
36 0.4251408820359064 0.475196163271821 0.06037605787839038 0.01787839067472703
0 0.4234950820500239 0.49004900393859374 0.05872255261671846 0.016297709341181486
5 0.42189478469497727 0.5041205946053664 0.0604670631400623 0.019440890674726853
2 0.4208937268165869 0.5213080946053664 0.06497255261671846 0.0163704346753633
8 0.4175944215690325 0.5377416166056846 0.06350105787839037 0.017914753341817757