19 0.5537109375 0.404296875 0.5498046875 0.408203125 0.5458984375 0.404296875 0.4853515625 0.404296875 0.4794921875 0.408203125 0.4755859375 0.404296875 0.4404296875 0.404296875 0.4375 0.4072265625 0.439453125 0.4638671875 0.4423828125 0.466796875 0.4765625 0.4658203125 0.5966796875 0.46484375 0.6015625 0.4580078125 0.603515625 0.4384765625 0.6015625 0.4072265625 0.5966796875 0.40234375 0.5537109375 0.404296875
18 0.44609375 0.4265625 0.015625 0.03359375
23 0.4609375 0.4359375 0.015625 0.0421875
26 0.47578125 0.4359375 0.01328125 0.04140625
0 0.490625 0.434375 0.0140625 0.040625
7 0.5046875 0.43515625 0.01171875 0.04375
12 0.51953125 0.4359375 0.015625 0.04296875
13 0.53359375 0.4359375 0.0140625 0.04375
2 0.54921875 0.4375 0.01328125 0.040625
7 0.5625 0.43671875 0.01640625 0.04609375
7 0.578125 0.434375 0.0140625 0.04296875
8 0.59296875 0.434375 0.0125 0.04375