19 0.689453125 0.7529296875 0.689453125 0.7998046875 0.697265625 0.8017578125 0.8662109375 0.775390625 0.869140625 0.7724609375 0.869140625 0.7255859375 0.8271484375 0.728515625 0.6923828125 0.75 0.689453125 0.7529296875
18 0.6984375 0.76875 0.015625 0.03046875
17 0.7140625 0.77421875 0.01640625 0.040625
28 0.73125 0.77109375 0.01640625 0.03828125
5 0.74765625 0.76875 0.01484375 0.0390625
1 0.76484375 0.765625 0.01171875 0.0359375
11 0.78046875 0.76484375 0.01484375 0.0359375
32 0.796875 0.7609375 0.01484375 0.03984375
3 0.8125 0.7578125 0.01484375 0.03515625
7 0.828125 0.75703125 0.01484375 0.03828125
3 0.8453125 0.7546875 0.0140625 0.03828125
7 0.8609375 0.7515625 0.0140625 0.0390625