19 0.38643218749999997 0.336382021875 0.35890096250000003 0.4284837828125 0.3528359546875 0.48050567656250004 0.3844657734375 0.4832799890625 0.3861419265625 0.48199084687499993 0.42522658125 0.354393403125 0.42845087499999995 0.34110064218749997 0.4284994859375 0.3408037109375 0.423775309375 0.3371063484375 0.3946591046875 0.33189496875 0.38643218749999997 0.336382021875
18 0.39466266448969883 0.34453125 0.025409176959604096 0.0140625
23 0.3896341836900287 0.35625 0.033267141066226816 0.015625
26 0.38922500673042454 0.3703125 0.033267141066226816 0.015625
0 0.38881582977082046 0.384375 0.030142141066226813 0.015625
7 0.387670866917839 0.396875 0.03161371285298138 0.0125
36 0.3903639579049235 0.41171875 0.030142141066226813 0.015625
15 0.39073603094531945 0.42578125 0.030142141066226813 0.015625
0 0.3911308360390266 0.4390625 0.02848871285298138 0.0125
2 0.3891591590794225 0.453125 0.030142141066226813 0.015625
0 0.39035794622644104 0.465625 0.030096676959604097 0.0140625
6 0.3907754833734596 0.478125 0.030096676959604097 0.0140625