19 0.369140625 0.5966796875 0.369140625 0.6533203125 0.3740234375 0.658203125 0.400390625 0.6572265625 0.6123046875 0.654296875 0.6171875 0.6474609375 0.615234375 0.6005859375 0.6103515625 0.59375 0.3720703125 0.59375 0.369140625 0.5966796875
18 0.384375 0.6171875 0.01875 0.028125
23 0.4078125 0.62578125 0.02109375 0.0421875
26 0.42734375 0.62578125 0.01640625 0.04375
0 0.4515625 0.625 0.0203125 0.03828125
7 0.47265625 0.62578125 0.01640625 0.04140625
12 0.4953125 0.62421875 0.0203125 0.03828125
11 0.51640625 0.625 0.01875 0.040625
6 0.53828125 0.6234375 0.01640625 0.03828125
6 0.559375 0.62421875 0.0171875 0.03984375
7 0.58046875 0.621875 0.0203125 0.0375
9 0.6015625 0.621875 0.01875 0.03671875