19 0.45910290781249996 0.4525390390625 0.4027161203125 0.4618905625 0.43906040468749996 0.63442946875 0.4415747875 0.6361079859375 0.4730289890625 0.633097128125 0.500329553125 0.62571286875 0.47251846875 0.48710401562500005 0.4645073234375 0.456146846875 0.45910290781249996 0.4525390390625
18 0.47075201988220705 0.6204204294003797 0.0362920560063543 0.021358174452321778
23 0.467381558031654 0.6062670011871342 0.037881829545304765 0.022966138558944492
26 0.46479234618110093 0.5921363050272002 0.03626478246740419 0.0197956744523216
0 0.46059972402212246 0.5756163947606435 0.0347295560063543 0.021312710345699058
7 0.4580105121715693 0.5614856986007094 0.037881829545304765 0.022966138558944492
12 0.4561752767820659 0.5458152344940868 0.034702282467404186 0.01975021034569906
15 0.4551485649315129 0.5317300024407755 0.03626478246740419 0.019795674452321776
3 0.45173719277253427 0.5152328242275301 0.0362920560063543 0.021358174452321597
8 0.4507104809219813 0.5011475921742188 0.03626478246740419 0.019795674452321776
2 0.44577751907142815 0.4869486998543507 0.03944432954530477 0.02301160266556703
3 0.44470989691244955 0.4705197178010394 0.03944432954530477 0.02301160266556703