19 0.648992690625 0.3194512328125 0.7156631609375 0.3041917421875 0.7126664828125 0.28841860625 0.6617787515625 0.2156964234375 0.63607313125 0.170356165625 0.569590421875 0.183360903125 0.5716861390625 0.196116840625 0.5789628109375 0.2087954296875 0.648992690625 0.3194512328125
18 0.5970165511024303 0.1848121875041191 0.04436824905006951 0.027326159090609536
23 0.6162750441685763 0.19619001826723986 0.05526938145888884 0.025954573863261922
26 0.6191091034391318 0.20863547118933917 0.05207164627652787 0.022775026785361252
0 0.626612478914097 0.22178035349458752 0.05210801386770836 0.024337526785361163
7 0.6373135895714234 0.23174568872193513 0.056795513867708355 0.02441934740221221
12 0.6447987812507984 0.2456718210271834 0.05367051386770836 0.024364800324311632
11 0.6499765905213539 0.25807636364085723 0.05363414627652787 0.02280230032431154
6 0.6582793997919095 0.2704263591766304 0.05207164627652787 0.022775026785361162
7 0.6642566428580553 0.282036015020829 0.056795513867708355 0.02441934740221221
6 0.6702157021286108 0.2944269208650276 0.05526938145888884 0.025954573863261922
0 0.6816435113991665 0.3067223693229001 0.056831881458888844 0.02598184740221221