19 0.3314698625 0.3396868796875 0.3570977515625 0.3396868796875 0.35671559375 0.23122726875000002 0.333928540625 0.232421975 0.33080312031250003 0.2356934796875 0.3306219078125 0.26682868125 0.3314698625 0.3396868796875
18 0.3461321685798269 0.23705039204777623 0.019022784639736123 0.0097022824674041
23 0.342498703219563 0.24649357589515208 0.022147784639736122 0.009756829545304768
26 0.34279421991261044 0.25664982589515206 0.019022784639736123 0.0097022824674041
3 0.3423084866056579 0.26681971266462723 0.017414820533113405 0.008112508928453721
0 0.34336252124539396 0.27618107589515206 0.019068248746358752 0.011264782467404099
12 0.3445074840983754 0.2886674391256769 0.017460284639736125 0.00967500892845372
2 0.34328596489804547 0.3004134626646272 0.01893185642649069 0.006577282467404011
6 0.3435814815910929 0.31056971266462724 0.019068248746358752 0.01126478246740401
8 0.3438997303374517 0.32150721266462723 0.019022784639736123 0.009702282467404011
7 0.3449764970304991 0.3316498258951521 0.019022784639736123 0.0097022824674041