19 0.458984375 0.5517578125 0.455078125 0.5908203125 0.4580078125 0.708984375 0.677734375 0.7333984375 0.681640625 0.5810546875 0.6767578125 0.56640625 0.5400390625 0.55859375 0.5068359375 0.548828125 0.4638671875 0.546875 0.458984375 0.5517578125
18 0.46875 0.61171875 0.01953125 0.07734375
23 0.4875 0.6328125 0.01640625 0.103125
26 0.50625 0.63515625 0.01640625 0.1
0 0.5265625 0.63828125 0.01875 0.10234375
7 0.54609375 0.6390625 0.0171875 0.10234375
12 0.56640625 0.64140625 0.01640625 0.09765625
22 0.5875 0.64453125 0.01796875 0.10390625
2 0.6078125 0.6453125 0.015625 0.10234375
2 0.628125 0.6484375 0.0203125 0.103125
7 0.64765625 0.64765625 0.01796875 0.10234375
7 0.66875 0.6484375 0.01875 0.10234375