19 0.2586354453125 0.6650348640625 0.2591023140625 0.6626831796875 0.25869113125 0.653851021875 0.2493077859375 0.58712668125 0.24036174843749997 0.5848995734375 0.2169629265625 0.58878280625 0.217025440625 0.5939239515625 0.22015811875 0.6352907859375 0.22524957343750002 0.66737085625 0.2586354453125 0.6650348640625
18 0.23857883438967398 0.5893899153310949 0.018977320533113406 0.008467264427970278
28 0.23364128180324922 0.5978199742241024 0.02848871285298147 0.013482146641955416
20 0.23656169332344712 0.604960351628764 0.022147784639736122 0.010138891832631992
0 0.23794233689695643 0.611264915331095 0.023710284639736123 0.010193455534962936
2 0.23693376636384303 0.6190501334799295 0.025272784639736125 0.010248019237293704
12 0.23831440993735234 0.6253546971822603 0.025272784639736125 0.010248019237293704
16 0.24040810735092757 0.6340302927357566 0.026926212852981378 0.013427582939624472
1 0.24178875092443683 0.6403348564380875 0.023664820533113407 0.008630955534962936
8 0.2423881444979461 0.6466121382892529 0.026880748746358752 0.011865082939624471
2 0.2445045739648327 0.6545064838427492 0.026880748746358752 0.011865082939624471
8 0.24505850343171928 0.6623462656939146 0.026880748746358752 0.011865082939624471