19 0.2846016734375 0.3770845765625 0.281464871875 0.299929684375 0.2795518328125 0.2648545375 0.25521176562500003 0.26238405781249996 0.25349306562499996 0.264115690625 0.2536995890625 0.2691954703125 0.26041910625 0.37444345625 0.2619827078125 0.376000690625 0.2779136328125 0.3769285609375 0.2846016734375 0.3770845765625
18 0.2678834333504379 0.26942264711505026 0.018804542154477667 0.010467063140062205
23 0.2648175206844554 0.2793968865917066 0.025063632513557366 0.012393584186749606
26 0.2656578580184729 0.28959863922254253 0.018795451795398144 0.008904563140062115
3 0.26571694535249046 0.2997548892225425 0.018804542154477667 0.010467063140062117
0 0.26655728268650797 0.3099566418533784 0.018813632513557367 0.012029563140062116
12 0.26741125555914486 0.3225021444842143 0.018804542154477667 0.010467063140062205
2 0.267479433252242 0.3342208944842143 0.018804542154477667 0.010467063140062205
6 0.26754306576579934 0.34515839448421437 0.018804542154477667 0.010467063140062205
8 0.26838340309981684 0.35536014711505026 0.018804542154477667 0.010467063140062205
7 0.26922374043383435 0.36556189974588615 0.018804542154477667 0.010467063140062117