19 0.482421875 0.6064453125 0.484375 0.6201171875 0.48828125 0.6357421875 0.4912109375 0.638671875 0.5 0.6376953125 0.6103515625 0.626953125 0.6357421875 0.623046875 0.638671875 0.6181640625 0.6279296875 0.58984375 0.4912109375 0.6015625 0.482421875 0.6064453125
18 0.49296875 0.61796875 0.015625 0.021875
17 0.5078125 0.6203125 0.0140625 0.0234375
28 0.5203125 0.61796875 0.01484375 0.021875
2 0.53359375 0.61640625 0.0140625 0.0234375
6 0.54609375 0.61640625 0.01328125 0.021875
14 0.559375 0.61484375 0.01328125 0.02265625
21 0.57109375 0.6125 0.01328125 0.0203125
9 0.58515625 0.61171875 0.01484375 0.02265625
7 0.59609375 0.61015625 0.01328125 0.02265625
8 0.61015625 0.6078125 0.01484375 0.02109375
7 0.621875 0.60703125 0.0109375 0.02265625