19 0.425772846875 0.561012634375 0.39933811874999997 0.5590037437500001 0.3442341890625 0.5564320125 0.339064696875 0.5595502156250001 0.293283190625 0.662710884375 0.2423688984375 0.75532855 0.2419350265625 0.7610659562500001 0.32123018124999997 0.7670919390625001 0.32755030625 0.7617009671875 0.4311507859375 0.5696243890625 0.431514378125 0.5687793015625 0.43175091875 0.5660692187499999 0.425772846875 0.561012634375
18 0.31382406714054145 0.570742378990347 0.04547612646343317 0.029179660144236053
23 0.30979509729296656 0.5919270479682984 0.06110112646343317 0.029543336056041626
26 0.3151547629840112 0.6105497613991664 0.05794885538619425 0.02478310087368065
0 0.3243979527773567 0.632987805852083 0.05323408430895542 0.019986498100139017
7 0.3289581877502421 0.6547537030785413 0.06261817466803503 0.02176720364722229
12 0.3343087630822071 0.6749389165094094 0.05793976502711464 0.023220600873680653
20 0.34200308841417204 0.6950695785535067 0.05479658430895542 0.020022865691319502
9 0.3489343444642962 0.7120934243931941 0.05167158430895542 0.01995013050895835
1 0.35430310051442043 0.7291536378240622 0.05479658430895542 0.020022865691319502
3 0.35966731138500485 0.7469951012549302 0.053234084308955334 0.019986498100139017
8 0.36659856743512903 0.7640189470946177 0.05479658430895542 0.020022865691319502