19 0.353515625 0.6591796875 0.3583984375 0.67578125 0.611328125 0.6767578125 0.619140625 0.6708984375 0.62109375 0.6376953125 0.6162109375 0.6328125 0.3564453125 0.6328125 0.353515625 0.6376953125 0.353515625 0.6591796875
18 0.37109375 0.65078125 0.02734375 0.03125
33 0.396875 0.6578125 0.02109375 0.0359375
11 0.4203125 0.65703125 0.0234375 0.03515625
8 0.45 0.65703125 0.0203125 0.02734375
6 0.471875 0.65625 0.01875 0.02421875
12 0.5 0.65859375 0.0234375 0.0296875
8 0.52734375 0.65703125 0.02109375 0.02578125
0 0.5515625 0.65703125 0.02109375 0.02734375
2 0.57578125 0.65859375 0.0234375 0.03125
8 0.60078125 0.6578125 0.02109375 0.03203125