19 0.58571048125 0.7136973875 0.6844189625 0.7036942046875 0.6808410203124999 0.680103103125 0.552262875 0.5612869734375 0.47621473124999997 0.49715500781250005 0.4223156921875 0.497393953125 0.412260540625 0.49899763750000004 0.41145869062499996 0.5053935359375 0.4042164171875 0.5002805859375 0.40140353749999996 0.50699721875 0.39600072656249996 0.4985102140625 0.3870976046875 0.49950332968750005 0.3824960046875 0.50061074375 0.38451130624999996 0.510736009375 0.4022160640625 0.5267163328125 0.4058393359375 0.53449580625 0.58571048125 0.7136973875
18 0.5783382294795218 0.4971884614099055 0.06193771034569906 0.03508407200827222
26 0.5821906551854847 0.5222248240769964 0.08215928213245363 0.03219542934436319
26 0.5696822949980703 0.5486327827418602 0.08372178213245363 0.03221361067790873
3 0.5555432386507219 0.5726788100731784 0.07595474623907635 0.03368520401018138
0 0.5406683964099962 0.598278246737724 0.07278428213245362 0.03208634134309048
12 0.5236543926490725 0.6308816614019515 0.07756271034569906 0.03526588534372692
7 0.5058591388881488 0.663475985399406 0.08215928213245363 0.03219542934436319
9 0.490847904327555 0.6843879220639517 0.07113085391920819 0.02894316000954511
0 0.4773991697669612 0.7053180400620426 0.07434678213245363 0.03210452267663584
1 0.46633964931299 0.7278379300604518 0.07099446159934023 0.02425566000954511