19 0.5174023203125 0.258475209375 0.5112073984375 0.215233003125 0.49725516093750005 0.20483962031249997 0.3904679328125 0.1972569328125 0.378024559375 0.19659913125 0.36045065468750004 0.1994523078125 0.3572692546875 0.21554655625 0.3581262078125 0.22001497812499998 0.4148447984375 0.467627234375 0.41510595781250004 0.46786207187500006 0.5331710125 0.48114851718749996 0.5356595859375 0.47401395312499994 0.5210273703125 0.419597040625 0.5215004078125001 0.4067476296875 0.5043984109374999 0.3328885296875 0.5065589078125 0.3222740625 0.4990267484375 0.2961270546875 0.49910862343750007 0.27467402500000004 0.5109822421875 0.2742288375 0.5091924390625 0.2988101859375 0.5151190109375 0.3012692234375 0.513411084375 0.304397540625 0.508328240625 0.30305597500000003 0.5074640406250001 0.307301759375 0.5184734609375 0.3111023640625 0.5223009453125 0.30808609374999996 0.5215186234375 0.29087885 0.5164562484374999 0.284174028125 0.5174023203125 0.258475209375
18 0.5416941155898692 0.21649806369163233 0.06833350593149916 0.031254308105551944
23 0.5152761956279254 0.23332384470887896 0.09046317391627667 0.03852315260503385
26 0.5035746916735928 0.25258326695862 0.08096083992388792 0.03496150496239867
0 0.4862771037268713 0.2752224003332315 0.08577567391627668 0.03830482878371626
7 0.4730130997725386 0.29455459719007837 0.08721083992388792 0.035252603390822125
12 0.4580274283277198 0.3178658186540311 0.08890067391627668 0.038450377997927984
21 0.4429780898867068 0.34273954011798374 0.09228034190105419 0.044845927212139716
2 0.4264935854380825 0.36456103618904234 0.09365184091247106 0.040231201819245575
3 0.4121936634989722 0.39017962034944215 0.08583934091247106 0.03986732878371626
5 0.40026932505795915 0.4149077925991832 0.09215300790866543 0.04172092721213971
4 0.38046881962075163 0.4415623378844534 0.10002917490485981 0.04364730024766903