19 0.630814371875 0.48923581250000003 0.6361840296875 0.37833101406249997 0.636000653125 0.3523476921875 0.633330753125 0.35028445625 0.62851786875 0.349717234375 0.6045985640625 0.35611637812499997 0.6001106375 0.38268312656250003 0.5933285109375 0.4958830234375 0.5969223171875 0.5052301328125 0.6108792968750001 0.5046279296875 0.6270755765625 0.5022522546875 0.6288533468749999 0.5008442984375 0.630814371875 0.48923581250000003
18 0.6111240252625942 0.49594528650321534 0.0252363573360908 0.021331171939110403
17 0.6159842479312759 0.4809105355146322 0.025218176002545434 0.01976867193911023
28 0.6153575392664121 0.4676611190127294 0.023655676002545256 0.019705004942915848
2 0.6162842399347757 0.45512928551463216 0.023637494668999892 0.01814250494291585
6 0.617220031269912 0.441816202016535 0.023619313335454528 0.01658000494291585
14 0.6189279819382756 0.4292525350203406 0.02361931333545435 0.01658000494291585
21 0.619073432606639 0.4167525350203406 0.022093176002545435 0.01964133794672147
9 0.6200183146085481 0.4026582015222434 0.026780676002545432 0.019832338935304606
7 0.620935924610139 0.39090761802414625 0.023637494668999892 0.01814250494291585
8 0.621099556612048 0.3768451180241462 0.02207499466899989 0.018078837946721472
7 0.6212359166136389 0.3651263680241462 0.025163632001908985 0.015081171939110228