19 0.3359375 0.8037109375 0.3359375 0.7255859375 0.2802734375 0.685546875 0.2197265625 0.650390625 0.216796875 0.6650390625 0.220703125 0.7177734375 0.3359375 0.8037109375
18 0.22421875 0.68046875 0.0109375 0.0375
31 0.234375 0.6953125 0.01171875 0.04921875
26 0.2453125 0.70234375 0.0109375 0.04921875
8 0.25546875 0.71015625 0.0109375 0.0515625
0 0.2671875 0.71640625 0.01171875 0.0515625
12 0.278125 0.72265625 0.0109375 0.053125
23 0.2890625 0.72890625 0.0125 0.0609375
9 0.3 0.73828125 0.01171875 0.05390625
8 0.309375 0.74765625 0.01015625 0.0546875
3 0.32109375 0.7578125 0.0109375 0.0625
4 0.33125 0.76484375 0.00859375 0.05390625