19 0.6728515625 0.5859375 0.673828125 0.5517578125 0.6025390625 0.5546875 0.603515625 0.5888671875 0.62109375 0.5888671875 0.6728515625 0.5859375
18 0.60546875 0.5671875 0.00703125 0.0171875
23 0.61171875 0.57109375 0.00625 0.02109375
26 0.61796875 0.57265625 0.00625 0.02265625
0 0.625 0.57109375 0.00625 0.02265625
7 0.63125 0.571875 0.00625 0.025
12 0.6375 0.571875 0.00703125 0.02421875
14 0.64375 0.57109375 0.00625 0.0234375
6 0.65 0.5703125 0.00625 0.02265625
7 0.65703125 0.5703125 0.00703125 0.0234375
5 0.66328125 0.5703125 0.0078125 0.025
1 0.66953125 0.56875 0.00546875 0.021875