19 0.636558334375 0.677249725 0.635576565625 0.6723445984375 0.6395036390625 0.670357409375 0.6375401015625 0.6684045000000001 0.6473577921875 0.650668340625 0.6512848671875 0.6349308 0.6728837828125 0.585696703125 0.690555621875 0.55612881875 0.693500928125 0.54334349375 0.691683303125 0.5397173468750001 0.6898504203125 0.5397173453125 0.6561937109375 0.5455249656250001 0.6267406453125 0.5437320515625 0.58943343125 0.54984219375 0.5786339703125 0.5587445578125 0.5589985953125 0.6138602328125 0.5589985953125 0.6217175765625 0.5511444437499999 0.6355136375 0.5275819921875 0.7044025171875 0.519727840625 0.7142699078125 0.5108919203125 0.750661540625 0.516782534375 0.754555928125 0.5364179124999999 0.752477309375 0.573725128125 0.7444028328125001 0.6218318015625 0.727425990625 0.629685953125 0.7175586 0.645394253125 0.6821091375 0.6453942546875 0.67818046875 0.636558334375 0.677249725
18 0.5573302954596382 0.7337951582831259 0.04572160308425506 0.024228432629559826
23 0.5794916676186167 0.7170070787378211 0.0645534237011061 0.029243215096964016
26 0.5843700823912691 0.7059877581209701 0.05975682954530477 0.02291139448011279
7 0.5925235016281484 0.6863201404262185 0.06603410308425506 0.024582988635914304
7 0.5997456664008007 0.675259909500942 0.06438978246740419 0.019868215096964015
12 0.6110377224071553 0.6547564947282896 0.06606137662320535 0.026145488635914305
12 0.6168201181050841 0.6366922873419634 0.06447160308425506 0.024555715096964015
1 0.6257547873419633 0.6170110328777365 0.06600682954530476 0.023020488635914306
1 0.6338672962704172 0.5996871651829847 0.06438978246740419 0.019868215096963838
1 0.6443508287378211 0.5807598871798076 0.06600682954530476 0.023020488635914306
2 0.6525042479747004 0.5610922694850558 0.06918637662320534 0.026200035713814886