19 0.62725991875 0.891770440625 0.6527472734375 0.8602973687500001 0.7361983953125 0.7345204046875 0.73605238125 0.721964359375 0.6699940421874999 0.721579809375 0.6280230140625 0.7735716390625 0.5765141390624999 0.8474847578125001 0.547223565625 0.8786418265625 0.547281278125 0.88360454375 0.5528200578125 0.885484046875 0.6230186421874999 0.8917457515624999 0.62725991875 0.891770440625
18 0.6843430987863883 0.7348046477931846 0.044186411094166725 0.02053267589344294
23 0.6816356728745827 0.750334147298893 0.05352504350298624 0.01935217787060921
26 0.6726600631671869 0.7663902288198239 0.05661367591180557 0.01791701186299797
0 0.6581793358686104 0.7837859758540743 0.04876480832062491 0.016036176882026253
7 0.6500213437523952 0.7983113908731024 0.05665004350298623 0.019479511862997966
36 0.6379025502494091 0.8150213884016445 0.051962543502986236 0.01928851087441501
15 0.6289633081331937 0.8295149699225753 0.05188980832062491 0.01616351087441501
4 0.6168808822213881 0.8446624674511174 0.04720230832062491 0.0159725098858317
6 0.6071785739007632 0.8583429654739512 0.045676175911805575 0.017471342889637496
5 0.5975126331713188 0.8704609634967847 0.04723867591180557 0.017535009885831697
3 0.5894091924418743 0.8826426285158128 0.047165940729444425 0.014410009885831698