19 0.5989341078125 0.49808460468750004 0.59902884375 0.36736848125 0.5981643890624999 0.3488076953125 0.5949473609375 0.3461095390625 0.579089809375 0.3449675109375 0.551732525 0.3475209015625 0.5488050265625 0.3510080328125 0.5475470312499999 0.44541540937499996 0.5531256640625 0.5091664515625001 0.583592503125 0.506786234375 0.59450013125 0.5053830609375 0.5989341078125 0.49808460468750004
18 0.5601108208946136 0.35527643209237614 0.028943871551297563 0.01726309471009326
23 0.5694006117132165 0.368057153153181 0.03840075870642714 0.01937162628012441
26 0.5670125961093843 0.3823016636765247 0.0319869843961678 0.015882605233437007
0 0.570874580505552 0.396182153153181 0.03354948439616763 0.015973610495108835
7 0.5708712584792847 0.41107140578401696 0.0319869843961678 0.01588260523343692
12 0.5723894928754525 0.4250884031531809 0.03190509724103805 0.014320105233436919
21 0.5762105336940554 0.4381876426298373 0.03198698439616763 0.01588260523343692
3 0.577769711667788 0.4529858899990014 0.03190509724103805 0.014320105233436919
5 0.5809323332190856 0.4684743821064936 0.035111984396167625 0.016064615756780753
1 0.5847533740376883 0.48157362158314987 0.033303822930778534 0.011286110495108836
2 0.5854903584338562 0.49563612158314985 0.03346759724103805 0.014411110495108837