19 0.170762103125 0.4643120203125 0.08799155625 0.4775465484375 0.08589150625 0.480034346875 0.08721585312499999 0.491996915625 0.1579535921875 0.76998889375 0.16208763125 0.7735194453124999 0.1932497078125 0.7709692203125 0.21836944374999998 0.7662728578125 0.2382310515625 0.76606915625 0.242908940625 0.760527553125 0.24238619374999998 0.750544503125 0.1760672875 0.4707500765625 0.170762103125 0.4643120203125
18 0.14018020326597264 0.48512495462406846 0.05072735182361114 0.03154089149054773
23 0.14005356990722265 0.5132454094445287 0.05857621941479172 0.033148843285945875
26 0.14764851757052128 0.537505066060387 0.05850348423243057 0.030023843285945873
0 0.15771450180295185 0.5672471082148647 0.056904616641249996 0.028452252926866352
7 0.1653821846486116 0.5946317648307229 0.05690461664125004 0.028452252926866352
12 0.17461236749427136 0.6220255118056608 0.05381598423243057 0.02999657220870695
16 0.18224368274875052 0.6478476684215191 0.05381598423243057 0.02999657220870695
6 0.19065624800322972 0.6736743702169171 0.055305749050069464 0.026880662567786474
4 0.1983057470532992 0.7002777768327755 0.05846711664125004 0.02846134328594587
8 0.20511944471659782 0.724532888269094 0.055305749050069505 0.026880662567786474
6 0.21353200997107705 0.750359590064492 0.055305749050069505 0.02688066256778665