19 0.26820348906249997 0.66070748125 0.26398900625 0.67017849375 0.2678150171875 0.6763954765625 0.34737239999999997 0.6941555078125 0.3529877984375 0.6924006203124999 0.3566960625 0.6712275484375 0.375519859375 0.48966474375 0.371984146875 0.4861698546875 0.290003446875 0.46872274375 0.2898476421875 0.4688190578125 0.27626429531249996 0.5310211640625 0.2752667828125 0.5361911703125 0.2746782 0.5760328546875 0.2670026875 0.628837665625 0.26820348906249997 0.66070748125
18 0.329935401351301 0.49453125 0.06894998789975162 0.034375
23 0.3243621122218854 0.5125 0.0642443071815924 0.03125
26 0.32583825381062903 0.52734375 0.06577044574527387 0.025
0 0.3233854195016736 0.54609375 0.054842036104353474 0.0265625
7 0.32717349483363856 0.56640625 0.056386355386194256 0.0234375
12 0.3184888412428424 0.58203125 0.056404536104353475 0.0265625
14 0.3199513472929666 0.59921875 0.05952953610435348 0.0265625
5 0.3167127178044714 0.61875 0.06110112646343317 0.028125
2 0.3150456786750558 0.63671875 0.057976126463433086 0.028125
1 0.31102125400702074 0.65703125 0.05794885538619425 0.0234375
1 0.3085684196980653 0.67578125 0.05170794574527386 0.025