19 0 0.4986642484375 0.006103115625000001 0.49954099531249996 0.10578427500000001 0.4910395796875 0.17030915625 0.42449294843749996 0.2248217640625 0.37789689531250004 0.266367903125 0.345002371875 0.272490203125 0.3435902078125 0.3636430640625 0.2765719625 0.3874238046875 0.26289618125 0.3943457390625 0.25676505 0.3967771578125 0.2377214125 0.26019417968749997 0.2305063234375 0.2522655015625 0.2342177515625 0.218779940625 0.26588306875 0.1699886328125 0.3010787953125 0.151407821875 0.3192255375 0.1155695703125 0.3596240578125 0.0463527140625 0.424732771875 0.016944214062499997 0.4617580890625 0 0.4774728578125 0 0.4986642484375
18 0.08901633425308986 0.500187028494131 0.09782055737069446 0.04570200361804453
23 0.09993630366788155 0.46684226198578765 0.1213307925530556 0.05005531094499105
26 0.12473693512677046 0.44057301108127644 0.11657055737069447 0.0466846494796016
0 0.16276426519888854 0.4159514693581624 0.10723192496187499 0.047755826548823065
7 0.19152569804454828 0.3871337505658269 0.11199216014423614 0.05112648801421242
12 0.22094109432107606 0.3637438381959265 0.09306032218833335 0.04233134215265535
13 0.24098149059760385 0.3408452487568046 0.1025080573706945 0.0459476650834338
0 0.26416507066972195 0.3170016350074232 0.09157055737069442 0.04537445499752559
9 0.28264296694624974 0.29418493272343105 0.08997168977951393 0.04373006784239584
1 0.30428223081395805 0.2696419561291794 0.08677395459715279 0.040441293532136414
6 0.3218697743169442 0.2515536974227521 0.08989895459715277 0.040605067842395925