19 0.6572369265625 0.7781591546875 0.680344434375 0.7826127296875 0.745318490625 0.7742509359375 0.74472655 0.7475896 0.7370555624999999 0.6851144171875 0.7257352984375001 0.60863370625 0.48599910468749996 0.604531759375 0.5003570796875 0.75283504375 0.5025322328125 0.76973674375 0.5090393125 0.7835196671875 0.6572369265625 0.7781591546875
18 0.50505562905854 0.6738469577719095 0.03526756175762493 0.08532974623907634
23 0.5279475597790677 0.6932789193712499 0.03769387978345584 0.11506271034569907
26 0.5475015418323791 0.6930659707040332 0.03911998746358769 0.1104206744523216
0 0.5709163097790677 0.6945291823033735 0.040727951570210405 0.11202863855894432
7 0.5921009879923131 0.6920179477427796 0.03921091567683312 0.11354567445232178
12 0.6147799700456245 0.6918959272888084 0.03751202335696498 0.10881271034569906
22 0.6367004341522471 0.6909699247815261 0.040818879783455664 0.11515363855894431
2 0.6586208982588697 0.6900439222742436 0.03764841567683312 0.11350021034569906
2 0.6804958982588698 0.6906804197669612 0.042335915676833126 0.11363660266556704
7 0.702507290578738 0.6866294172596786 0.040727951570210405 0.11202863855894432
7 0.7244504867386719 0.6849221647523962 0.040773415676833125 0.1135911385589445