19 0.24073599375 0.6794254109375 0.2444791828125 0.6815205625 0.308630546875 0.6613782984375 0.3109461578125 0.657579009375 0.237663884375 0.35499767968749996 0.23280820000000002 0.3522798359375 0.1855522921875 0.36528602656250003 0.17618953906249998 0.370293765625 0.2085164828125 0.5285776796875 0.2333545796875 0.6311337875 0.24073599375 0.6794254109375
18 0.2817891158013282 0.6502821786754638 0.04862159057054054 0.03886392319868044
30 0.2717612983901514 0.6310691774218226 0.0565068651776464 0.04065374373179385
29 0.26447749131805687 0.6031942300082473 0.04996576674922295 0.03422188730530316
1 0.2587197969424094 0.5760550684880494 0.049892992142117086 0.032659387305303156
7 0.2545609898703148 0.5480891928612287 0.053381865177646405 0.04056281551854859
21 0.24629687965506708 0.5077597095542762 0.053381865177646405 0.04056281551854859
5 0.235870955957584 0.4635921724072576 0.050111315963434676 0.03734688730530315
2 0.2294047861890424 0.434913242940371 0.05167381596343468 0.03739235141192587
7 0.22517320450984193 0.40850986731355043 0.05323631596343477 0.03743781551854841
8 0.21788939743774732 0.3806349198999751 0.04847604135632881 0.03573892319868044