19 0.49144210624999995 0.6008332953125 0.4474203421875 0.5946019515625001 0.30561060625 0.592439721875 0.3019561671875 0.5952937031250001 0.2959632890625 0.6536968875 0.48049008437499996 0.6613316375 0.49144210624999995 0.6008332953125
18 0.31130760031802873 0.5968179139803326 0.02208407825883123 0.03670139183263199
23 0.32606953708631214 0.6103620588081895 0.018995439695149764 0.042842264427970275
26 0.3424530611886131 0.6136953899337154 0.022111349336070063 0.04138889183263199
0 0.35883658529091406 0.6170287210592414 0.018995439695149673 0.042842264427970275
7 0.3759968142136752 0.621116020333602 0.022120439695149673 0.04295139183263199
12 0.3931524979568965 0.6259845696079627 0.02054884933607006 0.041334328130301044
21 0.4087547720591975 0.6293451825846541 0.023692030054229284 0.04456845553496276
1 0.4266962509819587 0.6334052000078493 0.019004530054229463 0.04440476442797028
4 0.44385647990471977 0.6374924992822099 0.023692030054229284 0.044568455534962935
1 0.4610076184684013 0.6431422985565705 0.019004530054229286 0.04440476442797028
1 0.47660989257070235 0.6465029115332618 0.020576120413308984 0.04602182813030105