19 0.384765625 0.4541015625 0.4462890625 0.44921875 0.4453125 0.4130859375 0.3681640625 0.4140625 0.365234375 0.4169921875 0.365234375 0.4541015625 0.384765625 0.4541015625
18 0.36953125 0.43203125 0.00703125 0.028125
23 0.3765625 0.434375 0.00859375 0.034375
26 0.38515625 0.43203125 0.0078125 0.0328125
0 0.39296875 0.434375 0.0078125 0.03046875
7 0.4 0.43203125 0.0078125 0.0296875
36 0.40703125 0.43203125 0.00859375 0.03046875
11 0.41328125 0.43125 0.0078125 0.02734375
4 0.421875 0.434375 0.00703125 0.034375
3 0.42890625 0.43125 0.00625 0.03125
3 0.43515625 0.42890625 0.00703125 0.02734375
4 0.44140625 0.4296875 0.009375 0.02890625