19 0.8642578125 0.53515625 0.8408203125 0.54296875 0.7822265625 0.5859375 0.7431640625 0.609375 0.7109375 0.6357421875 0.7109375 0.7138671875 0.7138671875 0.71875 0.71875 0.7177734375 0.8291015625 0.62890625 0.8427734375 0.619140625 0.8603515625 0.61328125 0.8671875 0.6064453125 0.8671875 0.5400390625 0.8642578125 0.53515625
18 0.71953125 0.66328125 0.015625 0.04296875
23 0.73515625 0.6640625 0.01484375 0.05234375
26 0.74765625 0.65390625 0.01484375 0.053125
0 0.7625 0.64140625 0.01484375 0.0578125
7 0.7765625 0.63125 0.0140625 0.05390625
12 0.79375 0.6203125 0.01328125 0.04609375
21 0.80625 0.61171875 0.01328125 0.04921875
3 0.81796875 0.60390625 0.0140625 0.0484375
5 0.83046875 0.59140625 0.01484375 0.04765625
1 0.84453125 0.5828125 0.0125 0.04921875
2 0.859375 0.5796875 0.01328125 0.05234375