19 0.3876953125 0.5859375 0.49609375 0.5888671875 0.498046875 0.5595703125 0.4951171875 0.556640625 0.3876953125 0.5546875 0.384765625 0.5576171875 0.384765625 0.5830078125 0.3876953125 0.5859375
18 0.39140625 0.5671875 0.009375 0.01875
23 0.4015625 0.57265625 0.0109375 0.02734375
26 0.4109375 0.57265625 0.00859375 0.02578125
0 0.42109375 0.571875 0.0109375 0.02265625
7 0.43203125 0.5734375 0.01015625 0.021875
12 0.4421875 0.57265625 0.0078125 0.02109375
20 0.4515625 0.5734375 0.00859375 0.025
8 0.46171875 0.5734375 0.00703125 0.01953125
5 0.47109375 0.57421875 0.01015625 0.02109375
2 0.48125 0.575 0.0109375 0.02421875
2 0.490625 0.575 0.009375 0.0234375