19 0.43359375 0.7138671875 0.4375 0.7158203125 0.5205078125 0.6796875 0.521484375 0.6357421875 0.5166015625 0.6328125 0.4365234375 0.6640625 0.43359375 0.6669921875 0.43359375 0.7138671875
18 0.4390625 0.68515625 0.009375 0.02578125
23 0.44765625 0.6875 0.0078125 0.0328125
26 0.45390625 0.684375 0.0109375 0.034375
0 0.4640625 0.68125 0.01015625 0.0328125
7 0.47265625 0.6796875 0.0078125 0.03671875
36 0.48046875 0.67578125 0.01015625 0.0359375
16 0.4875 0.67265625 0.0078125 0.03359375
9 0.49453125 0.66640625 0.00703125 0.0328125
9 0.503125 0.66484375 0.00859375 0.03046875
1 0.5109375 0.66171875 0.00859375 0.03203125
8 0.5171875 0.65859375 0.00703125 0.03359375