19 0.8579901578125 0.3623306625 0.853788246875 0.36126253125 0.84756303125 0.3609010578125 0.8361551374999999 0.3665765921875 0.772841234375 0.379327134375 0.751044459375 0.3857597671875 0.7413181437499999 0.39335586875 0.7211277328125 0.4916300765625 0.6889816062499999 0.5953009328125 0.6889268953125 0.5960438375 0.6889268953125 0.6028308171875 0.7349288953124999 0.6055019749999999 0.8182212812499999 0.5938663453124999 0.8410562593750001 0.584160028125 0.8396028859375001 0.501065271875 0.8430290203125 0.446423165625 0.8579901578125 0.3623306625
18 0.7849038602428784 0.5809531434354553 0.06718085594746519 0.030069295081343837
31 0.7703124157608024 0.5558758753832785 0.1004846788782439 0.03963519262201594
26 0.7754569391665507 0.534818486819597 0.10188340456798421 0.036519282981095455
8 0.7804786318396045 0.5114173482559156 0.08625840456798421 0.036428379390299345
0 0.7840606552453528 0.49035086933315436 0.1003209045679844 0.036510192622015936
12 0.7923301786511011 0.46931166148763204 0.08477779172311414 0.03798178903121965
23 0.792169726367109 0.45134745666717196 0.08798467887824372 0.03956246974937905
9 0.796655830505552 0.4326292729239506 0.09423467887824391 0.03959883118569749
8 0.8020460153766896 0.416259384360269 0.08313340456798421 0.036410198672140126
3 0.8049286759375678 0.3967508602579681 0.08461401741285464 0.034856789031219824
4 0.8062897800760107 0.3780144957965875 0.08148901741285464 0.034838608313060425