19 0.72694035 0.323075390625 0.7288639203125 0.3226312984375 0.7453415109375 0.3146105671875 0.7406196390625001 0.2895408296875 0.7179837234375 0.21560523593749997 0.709754340625 0.214744059375 0.7078141203125 0.21518012187500002 0.6960985562500001 0.2215320109375 0.6937667125 0.22508044374999997 0.6945252625 0.229107796875 0.69906718125 0.24878101406250003 0.7212135749999999 0.317707325 0.72694035 0.323075390625
18 0.7127301305964091 0.22116799807943605 0.016361984396167806 0.014881371551297562
23 0.7179089535271876 0.23029733661404678 0.02269387155129756 0.016771420171816497
26 0.7168377764579661 0.23975422376917654 0.01940509724103805 0.013482645861557074
0 0.7204950429663095 0.24974669945891703 0.021131371551297563 0.01668953301668674
7 0.7209044787419583 0.25755919945891703 0.019486984396167806 0.015045145861556985
12 0.7215186324054313 0.26927794945891703 0.021049484396167627 0.015127033016686742
20 0.7235315117586449 0.2777898123037873 0.02409259724103805 0.013728307326946253
8 0.7240637782669884 0.2879460623037873 0.020967597241038048 0.013564533016686831
5 0.7252544640426372 0.2957176187262224 0.022611984396167628 0.015208920171816586
2 0.7257867305509805 0.3058738687262224 0.02253009724103805 0.013646420171816586
2 0.7270593034817591 0.31520792514865753 0.020967597241038048 0.013564533016686831