19 0.37109375 0.5029296875 0.3740234375 0.513671875 0.3828125 0.5126953125 0.4892578125 0.490234375 0.490234375 0.4541015625 0.486328125 0.4306640625 0.3740234375 0.44921875 0.37109375 0.4521484375 0.37109375 0.5029296875
18 0.378125 0.47578125 0.01015625 0.0375
31 0.38828125 0.48203125 0.01328125 0.05
26 0.4 0.478125 0.01328125 0.04296875
8 0.41171875 0.4765625 0.0109375 0.04140625
0 0.4234375 0.471875 0.01171875 0.03984375
12 0.4328125 0.47109375 0.01328125 0.04140625
23 0.44375 0.4703125 0.01171875 0.04375
9 0.45625 0.465625 0.01015625 0.03828125
8 0.4640625 0.46484375 0.0078125 0.04375
3 0.47421875 0.4609375 0.0125 0.0421875
4 0.48671875 0.45546875 0.01015625 0.04375