19 0.5185546875 0.640625 0.3974609375 0.642578125 0.392578125 0.6455078125 0.390625 0.7080078125 0.3955078125 0.712890625 0.4609375 0.7119140625 0.6181640625 0.705078125 0.623046875 0.6865234375 0.623046875 0.6416015625 0.6201171875 0.63671875 0.6123046875 0.634765625 0.5185546875 0.640625
18 0.403125 0.675 0.0234375 0.04453125
13 0.42578125 0.68203125 0.01875 0.05078125
22 0.446875 0.68125 0.025 0.04296875
1 0.46796875 0.68125 0.01484375 0.0421875
2 0.4875 0.68125 0.021875 0.0421875
12 0.50859375 0.6796875 0.01953125 0.040625
17 0.528125 0.6765625 0.0203125 0.046875
2 0.54921875 0.678125 0.0171875 0.04609375
6 0.56953125 0.6765625 0.02109375 0.0453125
4 0.590625 0.67421875 0.01796875 0.0453125
5 0.60859375 0.67421875 0.0171875 0.04296875