19 0.76435156875 0.5811812125 0.7656840546875 0.5822732875 0.7998924609375 0.5858559484375 0.8019354796875 0.5850005140625 0.813508790625 0.4050437359375 0.81198615625 0.40323205624999997 0.78129631875 0.3974150453125 0.7758618546875 0.40191278906249994 0.76435156875 0.5811812125
18 0.7881436181598614 0.4104708591667444 0.020603440729444422 0.0128545560063543
23 0.7923408088893059 0.4230390430141203 0.02856141109416672 0.019240923701106104
26 0.7919414185967018 0.4394316562446452 0.028525043502986236 0.017678423701106283
0 0.7907971458952782 0.4573731327056948 0.02536367591180557 0.016061376623205524
7 0.7911608218070837 0.4729981327056948 0.028488675911805574 0.016115923701106104
36 0.7884358653100698 0.49013108562779417 0.028488675911805574 0.016115923701106104
12 0.7880364750174657 0.5065236988583189 0.02688980832062491 0.014526150162155815
2 0.7860564009292712 0.5221077885498934 0.02532730832062491 0.014498876623205348
0 0.7864746282278476 0.5400765385498935 0.026926175911805572 0.016088650162155816
0 0.7868564879352435 0.5564827885498935 0.02688980832062491 0.014526150162155815
9 0.7872383476426392 0.5728890385498935 0.026926175911805572 0.016088650162155816