19 0.2475787140625 0.3917559234375 0.2865257875 0.39451347187499997 0.2987686921875 0.3032245234375 0.3120074328125 0.1864873265625 0.29904740625000004 0.1797199109375 0.24982190937499998 0.175753003125 0.23013509375000002 0.1744894859375 0.2102704578125 0.387603071875 0.2475787140625 0.3917559234375
18 0.27745254346047865 0.19238059337204366 0.050891337946721474 0.022456802673454224
23 0.2689078730042431 0.21025843670431646 0.06495383794672147 0.02262043467536321
17 0.2642694525480076 0.22818173337045283 0.058703837946721474 0.02254770934118149
2 0.26428669859367493 0.2469408240372256 0.06182883794672147 0.022584072008272393
0 0.26274144463934224 0.2656817333704528 0.05076400395433271 0.019331802673454225
13 0.26116435718691233 0.28520389270368013 0.060202670950527094 0.02100339067472685
32 0.2604321867306768 0.30317264270368016 0.06182883794672147 0.022584072008272393
2 0.2565113492782469 0.3226675300365892 0.06026633794672147 0.022565890674726852
3 0.2573098453239142 0.3414357113701347 0.057205004942915846 0.024092028007635945
5 0.25491967437338714 0.3617300300365892 0.05551517095052709 0.020948846674090582
6 0.25415567041905446 0.38048003003658926 0.053952670950527096 0.020930665340545128