19 0.8046875 0.6435546875 0.7998046875 0.640625 0.6513671875 0.693359375 0.6484375 0.6962890625 0.6484375 0.7509765625 0.654296875 0.7509765625 0.7236328125 0.7265625 0.7822265625 0.701171875 0.8056640625 0.6953125 0.80859375 0.6923828125 0.80859375 0.6767578125 0.8046875 0.6435546875
18 0.6578125 0.7140625 0.01796875 0.03203125
23 0.6734375 0.71796875 0.01640625 0.03671875
26 0.68984375 0.71484375 0.01328125 0.0390625
0 0.70625 0.70703125 0.0125 0.034375
7 0.72109375 0.703125 0.0140625 0.0390625
12 0.7359375 0.6953125 0.01171875 0.03203125
11 0.74921875 0.69140625 0.01171875 0.03671875
6 0.7625 0.68515625 0.0109375 0.0328125
6 0.77578125 0.68125 0.0109375 0.03515625
7 0.7875 0.6734375 0.01171875 0.0390625
9 0.80078125 0.66953125 0.0125 0.03359375