19 0.23493779531249998 0.43779956875000003 0.245880225 0.5416201875 0.24730427656249998 0.634834253125 0.2516782078125 0.6421752796875 0.267026871875 0.6511683500000001 0.31929808125000003 0.67648585625 0.33118515937500004 0.6792033749999999 0.3335732171875 0.67529340625 0.3324449296875 0.611453109375 0.3117536828125 0.4644766140625 0.305367275 0.457018271875 0.25246455624999997 0.42602157656250006 0.2361072828125 0.4252593359375 0.23493779531249998 0.43779956875000003
18 0.2895688611303934 0.6446582482841403 0.03730257892507769 0.0244831744523216
23 0.2873084111162759 0.629723570070895 0.04740562101845249 0.03725595909205772
26 0.28564720057881476 0.617936623910961 0.04695059471009326 0.02944345909205772
0 0.28205176371887697 0.5990502315910928 0.04713260523343692 0.032568459092057724
7 0.2819985558122518 0.5865274995377816 0.04851309471009326 0.02948892319868044
12 0.27660540052234506 0.5581979110579794 0.045661110495108834 0.034085494985435005
15 0.27517170313906353 0.5425047148980455 0.05025760523343692 0.032659387305303156
5 0.27294905047999274 0.5134848046314888 0.048786110495108836 0.03417642319868044
9 0.27151535309671126 0.4977916084715548 0.04860409997176509 0.03105142319868044
0 0.270536682021789 0.4742859123116208 0.05200211575678067 0.03582985141192587
5 0.2706654846385074 0.45863818025830944 0.05025760523343692 0.032659387305303156