19 0.7314453125 0.595703125 0.728515625 0.5986328125 0.728515625 0.6533203125 0.734375 0.6552734375 0.8642578125 0.619140625 0.869140625 0.6142578125 0.869140625 0.5654296875 0.8603515625 0.564453125 0.7841796875 0.5859375 0.7314453125 0.595703125
18 0.73828125 0.621875 0.0140625 0.04375
16 0.75234375 0.6234375 0.01328125 0.040625
20 0.76875 0.615625 0.01328125 0.03125
1 0.778125 0.61640625 0.009375 0.0421875
3 0.79140625 0.61015625 0.01328125 0.03203125
10 0.8015625 0.60625 0.0109375 0.0328125
28 0.81640625 0.60390625 0.01328125 0.03671875
7 0.828125 0.603125 0.01015625 0.0390625
7 0.83984375 0.5984375 0.01640625 0.046875
8 0.84921875 0.596875 0.01015625 0.04453125
8 0.86171875 0.5890625 0.00859375 0.03671875