19 0.5710033875 0.3672129171875 0.5975504968750001 0.358376453125 0.5993875125 0.3549511890625 0.5967058515625 0.3450367390625 0.5909115218750001 0.325884675 0.575502703125 0.327693234375 0.4927135171875 0.3564223375 0.49116315625 0.3593131078125 0.497627125 0.38321124218749997 0.4987738765625 0.3870016125 0.5013356390625 0.3883131859375 0.5710033875 0.3672129171875
18 0.5875 0.33964029792359823 0.0140625 0.023928573320977708
23 0.5796875 0.3469443664352525 0.0171875 0.02716270072563942
26 0.57109375 0.3503694667980722 0.015625 0.027108137023308564
0 0.5625 0.3522320671608919 0.0140625 0.023928573320977708
7 0.5546875 0.35406738567254614 0.0140625 0.03017857332097771
12 0.5453125 0.3590822678865313 0.0140625 0.03017857332097771
22 0.5359375 0.36175340010051643 0.015625 0.027108137023308564
1 0.5265625 0.36442453231450156 0.0125 0.025436509618646852
4 0.51796875 0.3670683826773213 0.015625 0.027108137023308564
2 0.51015625 0.37046620118897555 0.01875 0.028779764427970277
4 0.50078125 0.37313733340296074 0.0171875 0.028725200725639423