19 0.5970224734375 0.6101274828125 0.7408297203124999 0.6610031109375 0.7862648453125 0.67363840625 0.7945543359375 0.63703959375 0.7948913046875 0.6350734546875 0.790842565625 0.6287612390625 0.5875375171874999 0.557701475 0.58634961875 0.5573362046875 0.4089808546875 0.5123652578125 0.4024562359375 0.5396967390625 0.40080097812500004 0.549354815625 0.5970224734375 0.6101274828125
18 0.7765027164625342 0.6225138692314138 0.05028384288963732 0.045876121339908774
31 0.7397839664625342 0.6229411305697317 0.04259867688202608 0.048910214672181596
26 0.705058797983465 0.6147473699077315 0.04247134288963732 0.04578521467218159
3 0.6705246304929791 0.6112411092457313 0.042407675893442943 0.0442227146721816
2 0.6334557120139099 0.6030746205840491 0.04084517589344294 0.044204533338636054
13 0.6003567105310351 0.5964251785885036 0.039410009885831696 0.04731135200509069
17 0.565631542051966 0.5882314179265034 0.039346342889637495 0.04574885200509069
0 0.5294393740671884 0.5823995885980486 0.04247134288963732 0.04578521467218159
8 0.4924022890862164 0.5750143499363666 0.04884867688202608 0.048982940006363405
9 0.4592396206071473 0.5668024079408209 0.04559634288963732 0.0458215773392725
4 0.4206082021280781 0.5586541006126844 0.04071784190105419 0.04107953333863605