19 0.2999638203125 0.25321897031249996 0.2891943734375 0.2535323609375 0.25682388437500003 0.2556073890625 0.25539548437500004 0.2638088265625 0.2554509640625 0.26619249218749996 0.276121640625 0.3542062203125 0.2932329890625 0.406816621875 0.29627668281249997 0.4096052515625 0.33390555625 0.40520398750000003 0.336606303125 0.400332871875 0.3365785171875 0.39953708125 0.32403483906249997 0.365058978125 0.2999638203125 0.25321897031249996
18 0.2844212333576132 0.4022415632956836 0.02694432954530477 0.022184082670272432
23 0.2809416773512588 0.38196542596277444 0.03464773538950343 0.016024989337999784
26 0.28538371550070574 0.3678483819621381 0.03459318831160267 0.012899989337999785
0 0.29063427718910306 0.35528474729472903 0.03459318831160267 0.012899989337999785
7 0.2895939285690748 0.3404500879615018 0.03300341477265238 0.011319308004454331
12 0.29558482994904656 0.32553361262731995 0.03303068831160268 0.012881808004454421
16 0.29609334455954317 0.30989952196054726 0.028343188311602673 0.012827264003817973
9 0.3005626562479405 0.29734497795991094 0.028343188311602673 0.012827264003817973
4 0.3034421943973874 0.28324611529282 0.025136367694751714 0.008103401336727068
1 0.3063626428552598 0.2714910026257291 0.026780688311602675 0.01280908267027261
7 0.30770695454365715 0.2589728212921837 0.034538641233702094 0.009774989337999784