19 0.293360821875 0.5917813234375 0.3129119953125 0.4719452859375 0.31746124375 0.41804908281250003 0.27702425937499997 0.41206644687500005 0.269173246875 0.414604925 0.26082115 0.48043234687499997 0.250551240625 0.5832076125000001 0.25340436718750003 0.5867516359375 0.2641638234375 0.58834349375 0.293360821875 0.5917813234375
18 0.29823594945770704 0.42524410323257966 0.03452044574527395 0.026400673916276672
23 0.28955584104645066 0.4404380217116488 0.039198855386194255 0.025029174904859806
17 0.2855632326351943 0.45544093920213474 0.03604658430895533 0.02021434091247105
1 0.2839098290443981 0.4711296061983292 0.03759999394987581 0.01871550790866543
2 0.28147972063314175 0.4860688566926207 0.039189765027114645 0.02346667490485963
30 0.2782729074014252 0.5002586906850095 0.04232385538619425 0.025156508897248565
17 0.27583825381062904 0.5159791911793011 0.04230567466803503 0.022031508897248565
3 0.274961555040293 0.5324172746773983 0.03605567466803503 0.021776840912471052
6 0.2701967869881163 0.5458895256659815 0.03448408430895542 0.020150673916276673
0 0.27010133821778026 0.5622957756659815 0.03291249394987581 0.018524506920082118
5 0.26844793462698413 0.5779844426621759 0.04075226502711464 0.023530341901054186