19 0.2197265625 0.759765625 0.3046875 0.7607421875 0.4130859375 0.759765625 0.41796875 0.7470703125 0.416015625 0.6826171875 0.2236328125 0.681640625 0.216796875 0.6865234375 0.2197265625 0.759765625
18 0.22890625 0.7140625 0.0171875 0.0453125
23 0.24609375 0.72109375 0.01875 0.05625
17 0.26328125 0.7234375 0.0171875 0.053125
2 0.28046875 0.72265625 0.01875 0.0546875
0 0.29765625 0.721875 0.01484375 0.04609375
13 0.31640625 0.721875 0.015625 0.053125
32 0.3328125 0.72109375 0.015625 0.0546875
2 0.35078125 0.72265625 0.0171875 0.053125
3 0.36796875 0.7203125 0.01875 0.05
5 0.38671875 0.72109375 0.015625 0.04921875
6 0.4046875 0.7203125 0.01484375 0.046875