19 0.6283000000000001 0.6720978109375 0.6124347875 0.668863296875 0.5668553453125 0.66683656875 0.55804368125 0.672768846875 0.5573180796874999 0.6759541109375 0.5446085796875 0.8389897312500001 0.5464275875 0.8418645328125001 0.5726977234375 0.8459227234375 0.6117971796874999 0.8455512859375001 0.6234336218750001 0.7944694171875 0.6328363015625 0.6792670859375 0.6283000000000001 0.6720978109375
18 0.5521203476953233 0.8251882639646176 0.03075203301668683 0.02100348423243048
23 0.5628498077812315 0.814014374621944 0.0403726944820761 0.02590918977951375
26 0.5666708485998344 0.8006603894395828 0.03708392017181659 0.02271145459715278
0 0.574480026573567 0.7856529852792703 0.0403726944820761 0.02590918977951393
7 0.57830106739217 0.7722990000969092 0.041853307326946164 0.024383057370694416
12 0.5829852453659026 0.7573643311189577 0.04012703301668683 0.02122168977951393
13 0.5876694233396351 0.7424296621410065 0.041935194482076096 0.025945557370694417
7 0.5930529641582382 0.7290393093674647 0.0403726944820761 0.02590918977951393
8 0.5992996421319707 0.7140682727983327 0.03708392017181659 0.02271145459715278
8 0.6032025701057033 0.6991517876159717 0.035439533016686654 0.021112587005972117
1 0.609449248079436 0.6841807510468397 0.03683825870642732 0.01802395459715278