19 0.179838890625 0.8864515703125001 0.182689565625 0.8891785453125 0.2323301453125 0.885718959375 0.22981510312500003 0.8427085671875 0.20878514843749998 0.7019107499999999 0.2057276296875 0.6989859 0.1988110078125 0.6993475765625 0.1560360609375 0.7023286796875 0.15407401874999999 0.7099090968749999 0.15407408281249999 0.7099200953125 0.179838890625 0.8864515703125001
18 0.18939825455262316 0.7101760206995765 0.03524829528527027 0.01935001785690744
17 0.18391023387445876 0.7274453413164276 0.04618579528527027 0.019540932629559825
28 0.1870159631962943 0.7445646574690518 0.04306079528527027 0.019486385551659068
5 0.18930405521457697 0.762478860391151 0.04142552067816441 0.017896612012708958
1 0.19315464723285958 0.7803657897743 0.039644696856846906 0.013181838473758489
11 0.1939530138582481 0.7967447662353497 0.038300520678164404 0.0178420649348082
32 0.19862124318008365 0.8138368088490235 0.04306079528527027 0.019486385551659425
3 0.20101849710902506 0.8294072617711228 0.03993579528527036 0.01943183847375849
7 0.20178047643086067 0.8465674882321725 0.04306079528527027 0.019486385551659068
3 0.2040685684491433 0.8644816911542718 0.039863020678164496 0.01786933847375849
7 0.20802832237808472 0.8800248705374208 0.041352746071058544 0.016334112012708603