19 0.5371302765625 0.3338506421875 0.5495184609375 0.18531616875 0.549877021875 0.181308521875 0.5496703000000001 0.1773640359375 0.5446147796874999 0.1728933875 0.531815271875 0.17147335 0.5012020953125 0.172542384375 0.49901037812500004 0.1750185484375 0.48950542343750003 0.3182333140625 0.4902830984375 0.33307223124999996 0.493627571875 0.33602978437500003 0.5288994484375 0.3344261984375 0.5371302765625 0.3338506421875
18 0.5253405137964224 0.32374404829901193 0.028452282467404187 0.019240923701106104
31 0.528192778406919 0.3080645012211113 0.03311250892845372 0.01776024431795715
26 0.5271524297868908 0.29323438799058643 0.03152273538950343 0.016170470779006775
8 0.5221921943973873 0.27769120860743746 0.029960235389503254 0.016143197240056396
5 0.5203705957773591 0.26287473214638785 0.029905688311602674 0.013018197240056395
11 0.5193302471573309 0.248044618915863 0.031495461850553144 0.014607970779006774
34 0.5159461485373027 0.23325541599376365 0.03152273538950325 0.016170470779006862
1 0.5141245499172744 0.21843893953271404 0.029878414772652385 0.011455697240056396
6 0.5107540880667214 0.2044309866106147 0.031468188311602675 0.013045470779006774
1 0.5097410129856434 0.19116337338008985 0.029905688311602674 0.013018197240056484
1 0.5079466879045655 0.17790939691904017 0.031468188311602675 0.013045470779006774