19 0.6039009046875 0.39125093906249997 0.5816387 0.3909917375 0.577503496875 0.3948350296875 0.5498068015625 0.6066299421875 0.5330631421875001 0.789259984375 0.565832271875 0.7917446046875 0.5804292156249999 0.7912358 0.5993886500000001 0.5890257421875 0.6005996265625 0.580035553125 0.6039009046875 0.39125093906249997
18 0.5493096082107728 0.7734375 0.03971095318850324 0.0421875
31 0.5605680127787571 0.7375 0.0470321302577247 0.0328125
26 0.5608479737691765 0.70234375 0.040864017412854635 0.034375
3 0.5673369911820311 0.66796875 0.039301517412854634 0.034375
2 0.5693022829051451 0.63046875 0.040700243102595124 0.03125
13 0.5711038003179997 0.59609375 0.04530585594746519 0.0296875
17 0.5729872048859839 0.56015625 0.04061835594746519 0.0296875
0 0.5764331094539683 0.52421875 0.0407821302577247 0.0328125
8 0.5791796511770823 0.48671875 0.042672178878243726 0.0390625
9 0.5801589750123719 0.453125 0.041027791723114146 0.0375
4 0.5814658474681806 0.41328125 0.0376571302577247 0.0328125