19 0.6171875 0.6923828125 0.611328125 0.7314453125 0.61328125 0.7392578125 0.6201171875 0.7421875 0.900390625 0.7490234375 0.904296875 0.7431640625 0.90625 0.6962890625 0.8974609375 0.693359375 0.8623046875 0.6953125 0.6220703125 0.6875 0.6171875 0.6923828125
18 0.63125 0.7078125 0.021875 0.03046875
23 0.65390625 0.71484375 0.02265625 0.0328125
26 0.678125 0.71484375 0.0234375 0.0296875
0 0.703125 0.71640625 0.021875 0.03359375
7 0.7296875 0.715625 0.0234375 0.03515625
12 0.75546875 0.71796875 0.021875 0.0328125
14 0.78125 0.7171875 0.02421875 0.03359375
8 0.80703125 0.71953125 0.021875 0.0328125
2 0.8328125 0.71953125 0.02265625 0.0359375
6 0.859375 0.71953125 0.021875 0.034375
7 0.8859375 0.72109375 0.0265625 0.03671875