19 0.3984375 0.5087890625 0.4013671875 0.51171875 0.41015625 0.5107421875 0.4951171875 0.48828125 0.498046875 0.4853515625 0.49609375 0.4482421875 0.4853515625 0.447265625 0.3994140625 0.46875 0.3984375 0.5087890625
18 0.40390625 0.4875 0.009375 0.02265625
23 0.41328125 0.48984375 0.009375 0.0296875
26 0.42265625 0.4859375 0.00859375 0.02734375
0 0.43203125 0.4859375 0.00859375 0.03125
7 0.43984375 0.4828125 0.00859375 0.0296875
12 0.45 0.47890625 0.009375 0.0265625
15 0.4578125 0.4765625 0.00859375 0.03046875
4 0.46796875 0.475 0.009375 0.02890625
1 0.47578125 0.471875 0.00625 0.028125
8 0.48359375 0.47109375 0.00859375 0.028125
5 0.49140625 0.46953125 0.0078125 0.028125