19 0.212890625 0.6181640625 0.212890625 0.6494140625 0.2158203125 0.65234375 0.35546875 0.6591796875 0.359375 0.6533203125 0.359375 0.6240234375 0.3564453125 0.619140625 0.2529296875 0.61328125 0.2158203125 0.61328125 0.212890625 0.6181640625
18 0.22109375 0.63046875 0.0140625 0.0328125
23 0.23203125 0.63203125 0.01328125 0.0296875
26 0.24609375 0.6359375 0.0125 0.0359375
0 0.2578125 0.63515625 0.01171875 0.02578125
7 0.27109375 0.63359375 0.01015625 0.028125
12 0.284375 0.634375 0.01015625 0.03046875
16 0.29765625 0.63359375 0.0109375 0.02578125
9 0.31015625 0.6359375 0.0125 0.0265625
4 0.32265625 0.6375 0.01015625 0.0328125
1 0.3375 0.6375 0.01171875 0.0296875
7 0.34921875 0.6390625 0.009375 0.03046875