19 0.3916015625 0.611328125 0.384765625 0.6220703125 0.38671875 0.6396484375 0.396484375 0.7021484375 0.404296875 0.7041015625 0.6005859375 0.615234375 0.60546875 0.6064453125 0.58984375 0.5322265625 0.5830078125 0.53125 0.5478515625 0.548828125 0.3916015625 0.611328125
18 0.40234375 0.64375 0.02578125 0.04296875
23 0.425 0.64921875 0.025 0.05625
26 0.44140625 0.6421875 0.021875 0.059375
0 0.4625 0.63125 0.02265625 0.0515625
7 0.4796875 0.62578125 0.01953125 0.059375
12 0.4984375 0.61796875 0.0203125 0.05234375
11 0.51484375 0.6109375 0.0234375 0.0546875
6 0.53359375 0.6015625 0.02265625 0.053125
7 0.5484375 0.59375 0.01875 0.05546875
6 0.57109375 0.58515625 0.021875 0.05078125
0 0.5890625 0.575 0.021875 0.05