19 0.3523393265625 0.1316207203125 0.29923055781249996 0.1476547328125 0.300552821875 0.15599866406250001 0.34564779843750004 0.231404803125 0.3714719796875 0.28523797968750003 0.3744073546875 0.2868922546875 0.397492365625 0.280806065625 0.43319077031250003 0.2700283984375 0.43353045625000003 0.263078096875 0.3571667 0.1343412609375 0.3523393265625 0.1316207203125
18 0.36999014231879607 0.2755148839513204 0.05108233893530469 0.027144302673454312
16 0.36388472235685215 0.2599535186187295 0.04951983893530469 0.02712612133990877
20 0.36777638490442227 0.24036772461809316 0.03839133794672147 0.02231135200509069
1 0.3634562994291587 0.23025692795195676 0.04932883794672147 0.02243862133990877
3 0.3675071294672148 0.2145773839513204 0.03839133794672147 0.02231135200509069
10 0.36777904349765966 0.20206829328454773 0.03995383794672147 0.022329533338636055
28 0.36554804003761854 0.18568022461809314 0.04314250494291585 0.023928396005727003
7 0.36266312056996625 0.1724262466184113 0.04451400395433271 0.019259077339272457
7 0.36443386760421675 0.15833647461809314 0.054271005931498986 0.028743165340545128
8 0.3624575321289532 0.14819840595163858 0.05095500494291585 0.024019302673454222
8 0.36732144566510644 0.13329102128422954 0.04295150395433271 0.019240896005727003