19 0.40821893125 0.651358359375 0.43519756718749997 0.646769753125 0.4695423984375 0.6398109562500001 0.47255012656249995 0.6361446 0.4665258546875 0.5969456109375 0.42671566250000004 0.603585196875 0.359028575 0.61628066875 0.35719867656250004 0.6185112765625 0.3591156203125 0.643639259375 0.3607408890625 0.6560816015625 0.3627708765625 0.6577028203124999 0.40821893125 0.651358359375
18 0.46361828681781414 0.615979597830931 0.014789925705962936 0.02549107332097762
23 0.45408416244463473 0.6217757300449162 0.01492631802583091 0.03017857332097762
26 0.444663698338012 0.6236656122589013 0.011801318025830908 0.030069445916316086
0 0.4345301803913234 0.6232390263240518 0.013409282132453626 0.03168650961864685
7 0.42432846628470067 0.6251561903892023 0.014880853919208192 0.02861607332097762
12 0.4141494842313894 0.6262921044543529 0.01336381802583091 0.030124009618646853
12 0.404751752178078 0.6274007366683381 0.013409282132453626 0.03168650961864685
9 0.3945727701247667 0.6285366507334886 0.014926318025830998 0.03017857332097762
5 0.38443925217807806 0.6281100647986392 0.01336381802583091 0.030124009618646853
9 0.3742602701247667 0.6292459788637897 0.011664925705962937 0.025381945916316085
7 0.3648625380714554 0.6303546110777749 0.011801318025830908 0.030069445916316086