19 0.35862648125 0.41515140937500006 0.35897246250000003 0.429993571875 0.3901928375 0.7203099484375 0.3985887703125 0.7259150375 0.4232737375 0.7274945109375001 0.48756023906249996 0.724805121875 0.49301084843750004 0.721720934375 0.4929089078125 0.7042522046874999 0.464972228125 0.41510040468750004 0.46167127968750005 0.4117102984375 0.365416934375 0.41052875 0.35862648125 0.41515140937500006
18 0.4229625865010277 0.42907764784752295 0.04183467292769336 0.03157963978475227
23 0.41629609243252685 0.4568387748119937 0.06689833992388791 0.0343065334984459
26 0.4204715978697342 0.48276557402620535 0.06852450692008212 0.03594180810555194
0 0.42249435429552495 0.5132707113297583 0.06520850593149899 0.031108758891340217
7 0.4252346937251211 0.5422497359368641 0.06995967292769337 0.03288958271265763
12 0.43119553364900903 0.5737180597581817 0.06383700692008212 0.03572348428423418
20 0.4346534560824108 0.6011709716688405 0.060457338935304604 0.02932793507002245
1 0.4357676285158127 0.6285147216688405 0.06632533695813833 0.0202440334984459
2 0.4392255509492145 0.6559676335794993 0.06377333992388792 0.034160984284234176
1 0.44190222338261637 0.6833841581866051 0.06839717292769336 0.032816808105551945
6 0.4475447283255322 0.7070399820079227 0.0635823389353046 0.029473484284234176