19 0.8841147875 0.2384592 0.8425711984375001 0.25091570937499996 0.8108721703124999 0.263343996875 0.802536121875 0.2711546828125 0.8117470484375 0.3630684875 0.8148560187499999 0.3876875046875 0.83850738125 0.5496501828125 0.8592412421875 0.6624803328125 0.8742027437500001 0.6729532890625001 0.9246910921874999 0.6819920296875 0.9620203281249999 0.6776154609375 0.9621615359375 0.6754613890625001 0.9606871218749999 0.6644785203125 0.9550375062500001 0.6459382265625 0.9316801890624999 0.5185539953125 0.90456523125 0.31657545 0.9017834562499999 0.2647849015625 0.8987399406250001 0.24211384218749998 0.8952234390625 0.2392213875 0.8891580250000001 0.23813552031250002 0.8841147875 0.2384592
18 0.8576811433073793 0.2745298078851416 0.08229784684397004 0.06498974801081765
23 0.8744030696951137 0.32045083521645995 0.06115767589344294 0.044440890674726855
17 0.8804594101132931 0.35399004121582356 0.06702567391627667 0.03513861600890866
1 0.8824184995428894 0.38288720054905084 0.05420733893530496 0.02718066534054513
2 0.8880928379839025 0.40705140654841454 0.054462006920082115 0.03343066534054504
23 0.8934315953982764 0.44216220321455085 0.054716674904859985 0.03968066534054522
11 0.8962992688202615 0.4741752718810055 0.04977450692008247 0.03337612133990877
0 0.9046356922422465 0.5061247058800509 0.054462006920082476 0.033430665340545215
9 0.9074715321661342 0.5373565245465055 0.05458934091247088 0.03655566534054522
5 0.9134960390862166 0.5701144805458692 0.05608817391627667 0.03501134667409058
5 0.9148648795043958 0.6037082305458692 0.05765067391627667 0.035029528007635945