19 0.7415297984375 0.4707993609375 0.7384081890624999 0.47041607656249995 0.7284170375000001 0.47653257968749996 0.7231301218749999 0.5112176671875 0.7104563484375 0.614437275 0.71225665625 0.61672733125 0.7499034203125 0.6169892359375 0.764313390625 0.5224518453125 0.769904425 0.47691652656250005 0.7415297984375 0.4707993609375
18 0.7449175158309749 0.48009128674627305 0.02409259724103805 0.013728307326946344
12 0.7480867814348071 0.4943585046340974 0.0319869843961678 0.015700243102595123
17 0.7466094906162042 0.5075988110565325 0.028861984396167627 0.015536468792335612
0 0.7435696997976013 0.5207572303238379 0.02721759724103805 0.013892081637205855
1 0.7428327154014335 0.5348197303238379 0.028780097241038048 0.013973968792335612
10 0.7413963681603956 0.5472787867462732 0.028780097241038048 0.013973968792335612
26 0.7399600209193575 0.5597378431687081 0.0319869843961678 0.015700243102595123
8 0.7384827301007546 0.5729781495911433 0.028861984396167627 0.015536468792335612
5 0.7370873264372815 0.5846559560135784 0.03190509724103805 0.014137743102595125
6 0.7355690920411136 0.5986775124360136 0.027135710085908114 0.012329581637205678
7 0.7326111883776406 0.6102734317033189 0.027135710085908295 0.012329581637205678