19 0.220712709375 0.40450356718749997 0.20508238437499998 0.40741964375000006 0.171180125 0.4195010734375 0.1708976609375 0.42236245156249996 0.1712118765625 0.43003865 0.21325517968750002 0.5810596359375 0.21767640625 0.583338915625 0.2370967203125 0.58051506875 0.26768833281250004 0.5719833296875 0.27188735625 0.5685863578125 0.2709482921875 0.558600784375 0.225525615625 0.40828305625 0.220712709375 0.40450356718749997
18 0.2132446311028091 0.5696983798812787 0.038737168320799584 0.02678066861791084
23 0.20690473987031477 0.554895536497137 0.051164393713693725 0.025290891490547907
26 0.2116478978520321 0.536904060599438 0.044914393713693726 0.025254530054229285
0 0.21390175661953775 0.5220512202403583 0.040081344499481995 0.02210225897699054
7 0.21615561538704342 0.5071983798812787 0.041643844499482 0.022111349336070063
12 0.21777377336876075 0.48922508470173887 0.04171661910658786 0.023673849336070064
21 0.22002763213626642 0.47437224434265923 0.044914393713693726 0.025254530054229285
7 0.22306274090377207 0.45951485880403986 0.04774829528527027 0.019022710772388506
3 0.22379048697483067 0.44388985880403986 0.043133569892376225 0.020557939695149584
5 0.22604434574233628 0.42903701844496017 0.04327911910658786 0.023682939695149584
0 0.22911584181339487 0.4133983829063407 0.03993579528527027 0.01897725897699054