19 0.3996817375 0.5093640265625 0.40291544999999995 0.51182263125 0.5661589015625 0.4910596703125 0.593418596875 0.4876824609375 0.6127759890625 0.48453459531250004 0.6140352328125 0.48294478124999995 0.611915871875 0.45897616250000006 0.6071169953125 0.41972580625000006 0.48223134375 0.4378499546875 0.477919378125 0.437630784375 0.3938614 0.45130015312499994 0.3935476859375 0.45169622187499997 0.3996817375 0.5093640265625
18 0.5983767085040286 0.4487887649145481 0.03049972749876275 0.04596711664124999
23 0.5783541355732501 0.458618359804305 0.02737472749876275 0.04589438145888884
17 0.5580006919956851 0.4598723884896523 0.027456614653892687 0.04745688145888884
4 0.5405675305302959 0.4649599319926384 0.025812227498762753 0.04585801386770836
3 0.5224759497976013 0.4677219092912148 0.02737472749876275 0.04589438145888884
12 0.501464086952731 0.46665037177215235 0.02408595318850324 0.042696646276527875
12 0.4809059254873418 0.4718106504574996 0.025812227498762753 0.04585801386770836
1 0.46207403833221206 0.4738095615516663 0.024167840343632997 0.04425914627652787
7 0.4470255704443876 0.4780613036678815 0.02605788896415202 0.05054551386770836
4 0.42667212686682277 0.47931533235322876 0.024004066033373662 0.04113414627652787
5 0.40775835255656323 0.48287674344739545 0.025894114653892686 0.04742051386770836