19 0.7085668703125 0.779341146875 0.8837889953125 0.7731788921875 0.8883996406250001 0.7636706171875 0.8811603921875 0.639310175 0.877468 0.6097255984375 0.3988550140625 0.598567628125 0.3903126265625 0.599457209375 0.250134928125 0.6043870124999999 0.20308384531249998 0.61227246875 0.1983525453125 0.619708071875 0.1996941 0.6647787859375 0.20944877812499998 0.8045042312499999 0.2145459859375 0.809176503125 0.2495904125 0.8079440515625 0.2679020359375 0.8031462296875 0.399833984375 0.7985064140625 0.405776984375 0.7941435734375 0.44518558906249994 0.796911475 0.45525146406249994 0.7924036437499999 0.5046052921874999 0.7885910375 0.5438932421875 0.7892862671875001 0.68382963125 0.7802111125 0.691834071875 0.7757757765625 0.7085668703125 0.779341146875
18 0.23434833955066353 0.6784300420147849 0.06527087516934209 0.1149193458553869
13 0.2891110826532586 0.7118447198853942 0.06995173111680746 0.14473417984777565
22 0.35082983265325857 0.7143595662350727 0.06370173111680746 0.14447951186299796
3 0.41633200192056397 0.7146898300752371 0.061811682496288434 0.13816584486680378
12 0.4730766468776098 0.7115449254363325 0.06016729534115868 0.13653967787060922
10 0.5448697597224801 0.7129111072612744 0.06024918249628826 0.13810217787060922
23 0.6102900418346557 0.7116788711014388 0.06937852103089917 0.13379667984777566
0 0.6821650418346558 0.7146075529263809 0.058522908186028746 0.134913510874415
8 0.7397318803692665 0.7122757317855734 0.055070359565509895 0.12853617688202607
5 0.7998881303692664 0.7147269111390575 0.06797979534115868 0.13685801285158128
7 0.8571274202833582 0.70614508999825 0.054906585255250565 0.12541117688202624