19 0.571522715625 0.69472365 0.5772464671875001 0.6896472874999999 0.58250710625 0.5604632828125 0.58002579375 0.5535573140625 0.56874714375 0.5514030156249999 0.5629347890624999 0.5510295562499999 0.5603384765625 0.5533322078125 0.5582979234375001 0.6062338781250001 0.5543288671875 0.6922871046875 0.563242021875 0.69467544375 0.571522715625 0.69472365
18 0.5651573409026036 0.6846427939210946 0.015879573138263936 0.01111931333545435
23 0.5662113478364578 0.6729149532543218 0.01591594072944442 0.01268181333545435
26 0.5657210385659022 0.6604240439210946 0.015843205547083274 0.009556813335454351
0 0.5667932292953466 0.6479149532543218 0.015843205547083274 0.009556813335454351
7 0.5670841700247912 0.6354149532543218 0.01591594072944442 0.01268181333545435
12 0.5665756769586453 0.6237052939210945 0.015879573138263936 0.01111931333545435
21 0.5668484338924994 0.6119865439210945 0.01740570554708327 0.009574994668999892
9 0.567920624621944 0.5994774532543218 0.014280705547083272 0.009538632001908987
6 0.5682479329425689 0.5854149532543218 0.017478440729444423 0.012699994668999893
7 0.5677394398764231 0.5737052939210946 0.015879573138263936 0.01111931333545435
5 0.5695928806058677 0.5611871125875492 0.017442073138263937 0.011137494668999891