19 0.485473690625 0.7120190109375 0.48218109374999996 0.70937970625 0.386589140625 0.72470991875 0.38666495312500004 0.7255744390625 0.3900065515625 0.7555989234375 0.391337771875 0.7566660140625 0.46989230937500004 0.746584271875 0.48720836093750003 0.7434357921875 0.48961589375000003 0.7359824265625 0.485473690625 0.7120190109375
18 0.48236700455262316 0.7290656551854848 0.012174668320799498 0.026880748746358662
23 0.47351854342775274 0.7342843525990601 0.01380994292790554 0.02848871285298138
26 0.46407076882064685 0.7355740679593239 0.012101893713693811 0.02531824874635884
3 0.45465938151709384 0.7360825333195878 0.012029119106587771 0.023755748746358663
0 0.446029244213541 0.736613730733163 0.01359161910658777 0.02380121285298138
12 0.4358002196064351 0.7378807140401158 0.012029119106587771 0.023755748746358663
2 0.4263524449993293 0.7391704294003796 0.013664393713693813 0.02536371285298138
6 0.41697744499932926 0.7388976447606435 0.012174668320799498 0.02688074874635884
8 0.4083109203922234 0.7402100921742187 0.012029119106587771 0.023755748746358663
7 0.39968078308867044 0.740741289587794 0.01046661910658786 0.023710284639735946