19 0.667152634375 0.456591565625 0.6303515515625 0.4479447796875 0.62865584375 0.4490465125 0.61898481875 0.481881171875 0.6013018609375 0.55001271875 0.6037904953125001 0.5537060546875 0.6395356421875 0.562343271875 0.64343814375 0.5598077453125 0.655204046875 0.517531509375 0.667152634375 0.456591565625
18 0.620319597398917 0.5517197281515978 0.02527273538950343 0.016206881458888843
23 0.6256519797041653 0.5440345147207297 0.029960235389503254 0.016315984232430657
26 0.6286133384704632 0.5347322499030909 0.03152273538950343 0.016352351823611146
0 0.629217310467286 0.524594183698681 0.03152273538950325 0.016352351823611146
7 0.630616169233584 0.5152555512898617 0.028425008928453722 0.017842116641249996
12 0.6327826412304068 0.5051538526766325 0.02837046185055314 0.014717116641249995
12 0.6349627499967048 0.49583340406340326 0.03152273538950343 0.016352351823611146
9 0.6355803587630027 0.4864765878589935 0.026835235389503255 0.01624324905006951
5 0.6361843307598255 0.47633852165458385 0.02996023538950343 0.016315984232430657
9 0.638337165987173 0.46545557304135465 0.02996023538950343 0.01631598423243048
7 0.6389684115229463 0.456880006836945 0.029932961850553143 0.01475348423243048