19 0.6379345359374999 0.57248223125 0.6088320375 0.5795881609375 0.5296461828125001 0.605580465625 0.5282251437500001 0.6110237671875 0.5306087390625 0.6197549062500001 0.539411528125 0.648689428125 0.5441974890625 0.64974003125 0.6525825265625 0.6132894062500001 0.6426238171875001 0.5768852250000001 0.6379345359374999 0.57248223125
18 0.6396009346486116 0.5901093111886131 0.02100348423243048 0.02980567466803503
23 0.6319339050133339 0.5964047629840111 0.017987587005972118 0.03447499394987581
26 0.6211055077868755 0.6011558954975685 0.017987587005972295 0.03447499394987581
0 0.6110038091736463 0.603558732831586 0.017987587005972118 0.03447499394987581
7 0.6009384781515977 0.6075240701656035 0.014789851823611144 0.03133181323171659
12 0.5900918971295491 0.611493952679161 0.01631598423243048 0.02977840359079629
15 0.5800265661075006 0.6154592900131783 0.01795121941479181 0.03291249394987581
8 0.5707061174942714 0.6178575821676561 0.01795121941479181 0.03291249394987581
7 0.5606044188810422 0.6202604195016737 0.016388719414791808 0.03290340359079611
4 0.5497760216545838 0.625011552015231 0.01944098423243066 0.02979658430895533
7 0.5388930730413547 0.6274189345287883 0.01631598423243048 0.02977840359079611