19 0.4120777890625 0.47774771562499996 0.40781871875000003 0.5442906828125 0.408909071875 0.546238665625 0.4076205046875 0.5473875671874999 0.40492792343749995 0.5894559593750001 0.4621338828125 0.5881610984375001 0.4641711234375 0.5863446734375 0.4702407796875 0.5284977078125 0.48014061874999997 0.42618234375 0.47374403281250005 0.4211814625 0.440934203125 0.4194598734375 0.42109581875 0.42045787343749996 0.415519428125 0.425429846875 0.412893690625 0.4697240640625 0.41651022656250003 0.47379570156249995 0.4120777890625 0.47774771562499996
18 0.4410241784020819 0.4286307745374021 0.03670150395433254 0.020633404567984216
23 0.44950518186212307 0.44462758876175335 0.046140170950527096 0.02268722749876275
26 0.44857935182406694 0.4603344759168831 0.04445033695813834 0.019480340343633173
0 0.4453097717860109 0.47616419380470754 0.046140170950527096 0.02268722749876275
7 0.44510152475176046 0.49026763738227236 0.047575336958138335 0.019644114653892687
12 0.44573819471370435 0.5058926373822723 0.04770267095052709 0.022769114653892687
13 0.4447486976794538 0.5200370245374021 0.04770267095052709 0.02276911465389251
2 0.4446041176413978 0.535702968114967 0.046012836958138334 0.01956222749876275
7 0.4436146206071473 0.5498473552700968 0.04926517095052709 0.022851001809022265
7 0.44034504056909124 0.5656770731579212 0.047639003954332716 0.021206614653892508
8 0.4393873770329379 0.5806027103130509 0.047575336958138335 0.019644114653892507