19 0.5519605999999999 0.7217745734375 0.5847303171875 0.744279859375 0.5919600765624999 0.7457926765625 0.5941466531249999 0.7458297921875 0.6201893265625 0.671932353125 0.6161665578125 0.66206739375 0.42042082656249996 0.538015115625 0.4119234703125 0.538735290625 0.39357330468749996 0.601525934375 0.3911303921875 0.611578503125 0.39006553906249997 0.6210233359374999 0.3950827546875 0.6315178671874999 0.5519605999999999 0.7217745734375
18 0.6007686730738013 0.6837950616223594 0.03655823821317572 0.048676517412854635
23 0.5758778349844601 0.6848286171402834 0.038848484284234173 0.06438340456798422
26 0.558962162734719 0.6730313020114209 0.0343065334984459 0.06726274310259513
0 0.5387395539672134 0.6571639625722991 0.03550516046291676 0.059532130257724705
7 0.5211517936281312 0.6476694538658718 0.0327440334984459 0.06718085594746519
12 0.5026736213783902 0.6357902515818796 0.032380160462916766 0.05936835594746519
11 0.4857943364322022 0.6247741864530173 0.03401543507002245 0.06101274310259512
6 0.46720700227180234 0.6105512341690252 0.035577935070022625 0.0610946302577247
7 0.45267146732561425 0.5996579997728574 0.030890435070022447 0.06084896879233561
6 0.43025065777232036 0.5867928296010408 0.0323073858558109 0.05780585594746519
0 0.4131894363083677 0.5718705144721785 0.0323073858558109 0.05780585594746519