19 0.7465185828124999 0.46721330781250003 0.744780634375 0.45234421406249997 0.7395281796875001 0.448166971875 0.661525203125 0.45666015 0.6588120140625 0.460070403125 0.66580655 0.595553896875 0.66253415625 0.617079528125 0.6633744515625 0.7105483718750001 0.67005041875 0.7195697453125 0.6825268328125 0.718953659375 0.7391342328125 0.7123372046875 0.740491771875 0.710630890625 0.7465185828124999 0.46721330781250003
18 0.689129966064588 0.4678269165738679 0.05510567067154515 0.03657384667409058
33 0.7019299580680878 0.4934627159055044 0.05973862667090888 0.03194089067472703
11 0.7006583594048148 0.5184808972390498 0.05813976400381797 0.028797709341181487
0 0.6994049420750874 0.5450615785725953 0.0628090826702726 0.027289753341817758
2 0.6996776620782692 0.5684990785725953 0.059647720003181706 0.02412839067472703
10 0.7007498134149962 0.5934899879058225 0.058121582670272606 0.02723520934118149
14 0.6986787834181779 0.6169547599061407 0.05968408267027261 0.02725339067472703
9 0.698152072087814 0.6388388505729135 0.0549602200031817 0.02407384667409058
7 0.695290701424223 0.6615314632400043 0.054978401336727246 0.025636346674090583
0 0.695554330760632 0.6841877132400043 0.050272720003181705 0.024019302673454136
5 0.6950276194302683 0.706071803906777 0.05812158267027243 0.02723520934118149