19 0.2763671875 0.701171875 0.375 0.7392578125 0.3759765625 0.666015625 0.2529296875 0.625 0.2392578125 0.62109375 0.2265625 0.6220703125 0.2275390625 0.6875 0.2763671875 0.701171875
18 0.234375 0.64765625 0.0171875 0.03984375
23 0.24921875 0.6640625 0.01484375 0.05078125
26 0.26171875 0.6640625 0.0109375 0.04921875
0 0.27578125 0.66875 0.0140625 0.04921875
7 0.2875 0.6765625 0.01171875 0.05390625
12 0.303125 0.68203125 0.0125 0.04921875
11 0.315625 0.684375 0.01171875 0.05078125
6 0.32890625 0.68984375 0.01171875 0.05
7 0.3421875 0.69375 0.01171875 0.05390625
6 0.35546875 0.69765625 0.01328125 0.05078125
0 0.36953125 0.70546875 0.01328125 0.0546875