19 0.536360128125 0.5519732609375 0.5916124484374999 0.530347159375 0.5943671421875 0.527118815625 0.5884976562500001 0.4886012359375 0.5858545890625 0.48261950625 0.5795385984375 0.4809422296875 0.457298609375 0.5402174140625 0.4554315375 0.5424055140624999 0.4574782953125 0.5630454281249999 0.46061505 0.5839968265625 0.47376196249999997 0.582208278125 0.536360128125 0.5519732609375
18 0.5849745450758734 0.5468997264167191 0.01849744292790554 0.02872520072563951
23 0.5717296823794262 0.5481447678865313 0.01715326674922295 0.033358137023308566
26 0.5591569077723204 0.5470187775051782 0.015517992142117087 0.03174107332097762
0 0.5440220593438969 0.5412871326773213 0.015517992142117265 0.03174107332097762
7 0.5329390101296851 0.5385440785936373 0.014101041356328992 0.03481150961864685
12 0.5178769363083676 0.5343749337657804 0.013882717535011224 0.030124009618646853
15 0.5067211124870501 0.5300693796820963 0.01402826674922295 0.03324900961864685
8 0.4940391759692854 0.5265996393007433 0.013882717535011224 0.030124009618646853
7 0.48370098945152085 0.5230480533658938 0.015517992142117265 0.03174107332097762
4 0.4686025283266503 0.5180976585380369 0.012320217535011224 0.030069445916316086
7 0.45989961641599153 0.5160540089008567 0.014101041356328992 0.03481150961864685