19 0.546154121875 0.4776232578125 0.501299553125 0.482565759375 0.49756648906249995 0.4882794796875 0.5103511109375 0.5553229015625 0.5319697828125001 0.6559476531249999 0.5328202703125 0.6563385265624999 0.572463671875 0.6520981359375 0.5765296156249999 0.6514640468749999 0.5787694515624999 0.6480358109375 0.546154121875 0.4776232578125
18 0.5622820652062007 0.6408772212787264 0.030961573663405774 0.02343085594746519
23 0.5536505178511542 0.6264052855030776 0.0370295631400623 0.020633404567984216
26 0.5503512126035998 0.609876204770383 0.03399556840173403 0.022032130257724703
3 0.546361662617717 0.5948686804601235 0.033904563140062294 0.02046963025772488
0 0.5424176152626705 0.5806424061498641 0.030870568401734032 0.02186835594746519
12 0.5372372915992646 0.5585626882620396 0.03555806840173403 0.022114017412854636
7 0.5321024705666947 0.5372642203742153 0.03243306840173403 0.021950243102595125
9 0.5265049179499761 0.521393558908826 0.03399556840173403 0.022032130257724703
0 0.5255948653332576 0.505768558908826 0.03555806840173403 0.022114017412854636
1 0.5200428153473752 0.49067914744343677 0.0369385578783902 0.019070904567984215