19 0.5263671875 0.62109375 0.5234375 0.6240234375 0.5234375 0.6708984375 0.5263671875 0.673828125 0.53515625 0.6728515625 0.6572265625 0.662109375 0.66015625 0.6591796875 0.66015625 0.6142578125 0.6572265625 0.611328125 0.6435546875 0.611328125 0.5263671875 0.62109375
18 0.53125 0.6484375 0.0140625 0.01484375
17 0.54375 0.65078125 0.0125 0.034375
28 0.55703125 0.64921875 0.01171875 0.03359375
2 0.56875 0.6484375 0.01171875 0.03359375
6 0.58046875 0.6484375 0.01171875 0.034375
13 0.59296875 0.64765625 0.0109375 0.03359375
21 0.6046875 0.64609375 0.01015625 0.03203125
9 0.6171875 0.64453125 0.0109375 0.0328125
6 0.62890625 0.64296875 0.01171875 0.0296875
7 0.64140625 0.64375 0.0109375 0.03359375
8 0.65234375 0.64140625 0.0109375 0.0328125