19 0.3046875 0.7880859375 0.3115234375 0.79296875 0.560546875 0.7919921875 0.564453125 0.7880859375 0.564453125 0.7568359375 0.5595703125 0.751953125 0.3173828125 0.75 0.3046875 0.7568359375 0.3046875 0.7880859375
18 0.3203125 0.76953125 0.021875 0.02890625
23 0.34296875 0.77109375 0.021875 0.028125
26 0.36484375 0.77265625 0.0203125 0.03203125
0 0.38515625 0.77265625 0.01875 0.025
7 0.41015625 0.77265625 0.0234375 0.03046875
12 0.4328125 0.77421875 0.0203125 0.02734375
11 0.45546875 0.77421875 0.02109375 0.02734375
3 0.4796875 0.7734375 0.0203125 0.025
6 0.50234375 0.77265625 0.0234375 0.025
3 0.52578125 0.7734375 0.0203125 0.021875
2 0.54921875 0.77265625 0.02109375 0.025