19 0.1934069453125 0.20037100468750002 0.1844971265625 0.20682195 0.209019359375 0.38966097187500004 0.21560780624999998 0.40639231249999996 0.212481321875 0.41547353593749997 0.22781863593749999 0.5622217890625001 0.23544031406250002 0.6028531671875 0.24022400156249998 0.6547168203125 0.2373860140625 0.6659490906250001 0.2471479265625 0.706341953125 0.24373294375 0.7132721328125 0.2621967421875 0.850939159375 0.2607919140625 0.8674871281250001 0.265438146875 0.9073599281250001 0.26674518125 0.9083891656249999 0.4363405703125 0.89450281875 0.46197003593749997 0.8908967000000001 0.468739621875 0.8846842718750001 0.46852489999999997 0.8344946312499999 0.44890711406249995 0.6882234171875 0.442633959375 0.5928617843749999 0.42474715625000004 0.45949685 0.416394146875 0.3567258125 0.3977022296875 0.20925981562499998 0.3926770234375 0.18798785625 0.3866051921875 0.183206534375 0.32182111406249997 0.186059959375 0.1934069453125 0.20037100468750002
18 0.39846549069578596 0.8623288458200286 0.12235838479802066 0.0710124576491303
13 0.3586611931239262 0.8097623820225779 0.15374477711788873 0.07588176483072288
22 0.34976591475239627 0.7456589754067198 0.15356292069139793 0.06963176483072289
3 0.34385924406099827 0.6768862495090207 0.14731292069139804 0.06959540339440444
12 0.3405691080093364 0.617502159149941 0.1456594924781526 0.06646131303532492
10 0.332940812944759 0.5432515928931624 0.14731292069139795 0.06959540339440444
23 0.32705687430667235 0.4752601169954634 0.14124477711788863 0.075809041958086
0 0.3178433471887837 0.40021921037960506 0.14405152837152996 0.06488972267624522
8 0.3137264970304991 0.33926807484098565 0.1361026360516618 0.060156770880847074
5 0.30565793276559183 0.2767317134046672 0.1458868130112661 0.07427381303532483
7 0.3085950646606187 0.216602734481906 0.13302310015828453 0.061701090162687856