19 0.177734375 0.7587890625 0.177734375 0.8017578125 0.1826171875 0.822265625 0.265625 0.8232421875 0.5419921875 0.8203125 0.544921875 0.8173828125 0.54296875 0.7568359375 0.5322265625 0.751953125 0.1865234375 0.75390625 0.177734375 0.7587890625
18 0.2 0.78046875 0.03203125 0.04140625
23 0.23203125 0.78828125 0.03125 0.04765625
26 0.2625 0.78828125 0.0265625 0.046875
0 0.29609375 0.7875 0.02734375 0.04375
7 0.32734375 0.78671875 0.02421875 0.04609375
14 0.3609375 0.78671875 0.03125 0.046875
10 0.39296875 0.7875 0.02578125 0.046875
10 0.42578125 0.7875 0.02734375 0.04375
4 0.45859375 0.7859375 0.02421875 0.0484375
9 0.49140625 0.7875 0.02578125 0.0453125
2 0.52265625 0.78828125 0.02421875 0.04453125