19 0.265625 0.7978515625 0.2685546875 0.80078125 0.4091796875 0.826171875 0.41796875 0.8251953125 0.421875 0.8134765625 0.4228515625 0.75390625 0.2763671875 0.73046875 0.26953125 0.7333984375 0.265625 0.7587890625 0.265625 0.7978515625
18 0.275 0.76015625 0.01171875 0.03125
23 0.284375 0.76875 0.01171875 0.03984375
26 0.2984375 0.77265625 0.01171875 0.040625
0 0.31171875 0.7734375 0.0109375 0.03828125
7 0.325 0.775 0.0125 0.040625
12 0.3375 0.778125 0.01328125 0.04375
20 0.35234375 0.77890625 0.01171875 0.04140625
9 0.365625 0.78359375 0.0125 0.04609375
1 0.38203125 0.784375 0.0109375 0.0453125
3 0.3953125 0.7859375 0.01484375 0.04453125
8 0.4109375 0.78828125 0.01171875 0.0421875