19 0.43907891093750007 0.642342459375 0.310570928125 0.5711357828125 0.0867897 0.60645215 0.0876990078125 0.610667709375 0.11548858125000001 0.625830359375 0.155570459375 0.6412981234374999 0.1668371125 0.649488621875 0.17482615625 0.6501699703125 0.2261746875 0.673828234375 0.3725846421875 0.753173125 0.5598272359375 0.7253720359375 0.567825934375 0.7205581515625 0.5087955171874999 0.6810625375 0.47028411875 0.663318840625 0.43907891093750007 0.642342459375
18 0.23460431012357685 0.5907663569054789 0.11809668977951393 0.04452059553293921
23 0.2279549198309727 0.6068451211735024 0.16195579255305556 0.051245784531903385
26 0.25484472815159775 0.6221447894943021 0.15574216014423614 0.052517186103479926
0 0.28792998508545187 0.635391806243525 0.14313305737069443 0.04724748924663302
7 0.3163459258148964 0.6492017491714305 0.15414329255305556 0.05088191149637407
12 0.3408556165443408 0.6628297555815712 0.13528418977951392 0.045321116211103706
6 0.36460224106937555 0.6772026246881591 0.13535692496187499 0.04844611621110371
2 0.39223693179882 0.6909761803125116 0.13532055737069443 0.04688361621110371
2 0.41516593873267416 0.7037501621155465 0.13695579255305557 0.05008139081820957
7 0.4451080118709381 0.7160703796505579 0.13684668977951392 0.04539389081820957
7 0.4665290701915631 0.7311153368464869 0.13848192496187509 0.048591665425315435