19 0.4453125 0.42032405468749995 0.442708909375 0.3606129421875 0.43938066249999996 0.355405434375 0.4069901859375 0.35893018125 0.4060072 0.40009939218749996 0.4115348984375 0.5584562671875 0.4141193203125 0.6232580125 0.42164115625000004 0.6284167109375 0.4453125 0.629958665625 0.4453125 0.42032405468749995
18 0.428125 0.36904418539145184 0.025 0.022165901336727068
31 0.42421875 0.39243623205758826 0.03125 0.025363626670908877
26 0.421875 0.4166277100572701 0.03125 0.022238626670909055
6 0.4234375 0.4424271413908155 0.028125 0.022202264003817973
5 0.42265625 0.4681993007240428 0.0328125 0.02381930800445442
11 0.4234375 0.4916458913908155 0.03125 0.023801126670909056
14 0.42421875 0.5189987320575883 0.0296875 0.028470445337363516
1 0.42265625 0.5439805507240428 0.0296875 0.015970445337363515
0 0.425 0.566664072724361 0.03125 0.023801126670909056
3 0.4234375 0.5908646413908155 0.03125 0.022238626670909055
6 0.4234375 0.6150833913908155 0.028125 0.02063976400381797