19 0.497816271875 0.5564789953125 0.4044016078125 0.56409196875 0.3882221625 0.5659180203124999 0.3881513890625 0.59587750625 0.391306353125 0.5984303890625 0.49949506718750003 0.585255940625 0.497816271875 0.5564789953125
18 0.3939996125875491 0.5781489879455934 0.011173857336090798 0.02043976933481808
23 0.40488256858691274 0.5827092186107754 0.012827264003817973 0.028270450668363624
26 0.41426665925368555 0.5818188806095026 0.009665901336727244 0.025109088001272716
0 0.4244410905872309 0.5801382019414573 0.012772720003181703 0.023582950668363623
7 0.4353694999204582 0.5807921826066391 0.011210220003181703 0.023564769334818082
12 0.44554393125400366 0.5791115039385938 0.008067038669636161 0.021965906667727353
20 0.4549098405872309 0.579783665937321 0.011228401336727246 0.02512726933481808
8 0.46507518125400366 0.5788842372692757 0.009611357336090798 0.02042158800127254
5 0.4752314312540037 0.5787660586012302 0.011192038669636162 0.02200226933481808
2 0.4861689312540037 0.5786387892664122 0.012790901336727067 0.02514545066836362
2 0.49477177192077637 0.5777575419319122 0.011210220003181703 0.023564769334818082