19 0.42185451093750004 0.5208935640625 0.43018994375 0.5689358546875 0.45751530625000003 0.6891827828125 0.47327126875000003 0.6882655171875001 0.4911769828125 0.6856008828125 0.49387517656249996 0.6817309859375 0.471885665625 0.5527178671875 0.4659858328125 0.5197470421875 0.4624079640625 0.5171099828125 0.43007468437499996 0.51709195 0.42747890625 0.517478240625 0.42185451093750004 0.5208935640625
18 0.4459673306621898 0.5308777423470049 0.030396828130301045 0.021695217535011226
23 0.44726693583433297 0.5457578796505579 0.03195932813030104 0.02176799214211709
26 0.4485665410064761 0.5606380169541108 0.03513889183263199 0.023476041356328813
0 0.4553076143274538 0.5749916153825343 0.02721726442797028 0.019987168320799498
7 0.45816971949959695 0.5899445272931929 0.03028770072563951 0.018570217535011223
36 0.46259432467174016 0.6049702138109577 0.03028770072563951 0.018570217535011223
12 0.4654837116950487 0.6207043757216164 0.03195932813030104 0.021767992142117266
2 0.4699083168671917 0.6357300622393811 0.03028770072563951 0.018570217535011223
0 0.47349710833700404 0.6491568614535927 0.030342264427970278 0.020132717535011224
0 0.47789443165798173 0.6634012979713575 0.02560020072563951 0.018351893713693813
9 0.48151050497895936 0.6776093471855692 0.02716270072563951 0.018424668320799496