19 0.2568359375 0.71875 0.27734375 0.7177734375 0.2783203125 0.66796875 0.1240234375 0.65625 0.1142578125 0.65625 0.109375 0.6611328125 0.1103515625 0.705078125 0.2568359375 0.71875
18 0.11796875 0.675 0.0171875 0.02578125
23 0.13203125 0.68203125 0.01328125 0.0359375
26 0.14609375 0.68359375 0.0125 0.034375
0 0.16171875 0.684375 0.01328125 0.03359375
7 0.17578125 0.68515625 0.0125 0.03203125
36 0.1921875 0.68671875 0.0140625 0.03671875
20 0.20859375 0.6875 0.01328125 0.03359375
1 0.2234375 0.690625 0.009375 0.03359375
7 0.2375 0.690625 0.0140625 0.0359375
7 0.2546875 0.690625 0.01328125 0.03515625
7 0.26953125 0.69296875 0.0140625 0.0359375