19 0.189469375 0.5256930015625 0.19195234375 0.53676141875 0.23835568125 0.6326143171874999 0.27225465312499997 0.7250679578125 0.28288689375 0.7309511265624999 0.3051956171875 0.7338357703125 0.36445415937500003 0.736251934375 0.38920344687499997 0.731324109375 0.3644435734375 0.65772521875 0.3532484453125 0.605112971875 0.3427620328125 0.524074353125 0.3189653265625 0.518166475 0.198612978125 0.52042799375 0.189392403125 0.5251913375 0.189469375 0.5256930015625
18 0.2696628980744511 0.5331031134082934 0.06760567067154515 0.039850726251889415
31 0.28709584607731464 0.5531958055299031 0.10056362133990877 0.05426183674699843
26 0.2842253847469508 0.5752528160532467 0.1005090773392725 0.049574336746998425
8 0.28371685475013253 0.5987358186840828 0.08486589600572696 0.04710178413027997
0 0.2831901434197688 0.6206563213149187 0.09736589600572695 0.047829826223654594
12 0.2795475227561777 0.6435400844690983 0.08486589600572696 0.04710178413027979
23 0.28131910809195027 0.6614178292074264 0.08958975867281786 0.050499799915295365
9 0.279184443427723 0.6795230870999343 0.09115225867281787 0.05059080517696728
8 0.2770497787634955 0.697628344992442 0.08174089600572695 0.04691977360693613
3 0.2772679547660409 0.716378344992442 0.08484771467218159 0.04553928413027997
4 0.2790486307685862 0.7350373397307701 0.07857953333863614 0.0436127630835923