19 0.605470421875 0.6716174203125 0.6015162921874999 0.6668654265625 0.592795046875 0.666184625 0.492965971875 0.6897563171875001 0.3630951234375 0.7141193328125001 0.3583280125 0.7181905171875 0.3617214734375 0.7463780843750001 0.366710628125 0.7791934609375 0.536848421875 0.7572439375 0.6106767578125 0.741287371875 0.6128700765625 0.7202874718750001 0.605470421875 0.6716174203125
18 0.5978361164062882 0.709252656747269 0.03311248184962743 0.051944308004454244
13 0.5744622489198455 0.7199174367440874 0.028452252926866352 0.056577264003817976
22 0.551038384458465 0.7219884667409057 0.03310339149054773 0.05038180800445424
1 0.5284003151766241 0.7248498374044967 0.022156801131468208 0.04869203866963616
2 0.5081059958947833 0.7277384800684059 0.029978391490547728 0.050345445337363515
12 0.48389633625386297 0.7290191693984516 0.028397710772388507 0.047202264003817974
17 0.462021336253863 0.7287646307288153 0.02999657220870695 0.05347044533736352
2 0.4401736073311019 0.7331975920591791 0.02529998184962743 0.051853401336727244
6 0.41830769769018145 0.7345055533895428 0.028434072208706952 0.05345226400381797
4 0.39487019769018145 0.7342328333863612 0.02529998184962743 0.051853401336727244
5 0.37535712840834073 0.7371305667170431 0.025281801131468207 0.04872840133672707