19 0.529296875 0.6552734375 0.5283203125 0.625 0.4296875 0.6279296875 0.4306640625 0.658203125 0.5234375 0.6572265625 0.529296875 0.6552734375
18 0.4359375 0.63984375 0.009375 0.01953125
23 0.4453125 0.64296875 0.0078125 0.0203125
26 0.45390625 0.64140625 0.0078125 0.021875
0 0.4625 0.64296875 0.00859375 0.021875
7 0.47109375 0.64453125 0.00703125 0.025
12 0.4796875 0.64375 0.009375 0.0234375
21 0.4890625 0.6421875 0.009375 0.02265625
9 0.49765625 0.6421875 0.0078125 0.01953125
6 0.50625 0.64296875 0.00859375 0.0203125
7 0.5140625 0.64140625 0.0078125 0.01953125
5 0.5234375 0.6421875 0.0078125 0.01953125