19 0.294921875 0.5341796875 0.291015625 0.5712890625 0.2958984375 0.57421875 0.4501953125 0.587890625 0.474609375 0.5869140625 0.48046875 0.5478515625 0.478515625 0.5419921875 0.4716796875 0.5390625 0.3251953125 0.529296875 0.2978515625 0.529296875 0.294921875 0.5341796875
18 0.3046875 0.54609375 0.01640625 0.02578125
23 0.31875 0.55234375 0.01484375 0.0265625
26 0.334375 0.553125 0.01328125 0.02421875
0 0.35078125 0.55390625 0.01328125 0.025
7 0.36796875 0.55546875 0.0140625 0.02734375
12 0.3828125 0.55703125 0.01328125 0.02421875
16 0.39921875 0.5578125 0.01328125 0.02578125
6 0.415625 0.55859375 0.0125 0.02578125
4 0.4328125 0.56015625 0.01484375 0.02578125
8 0.4484375 0.56171875 0.0125 0.02578125
6 0.465625 0.5625 0.0125 0.02734375