19 0.2557454328125 0.516073284375 0.247438453125 0.516945315625 0.2217009859375 0.5363934 0.199329378125 0.5450217296875 0.1555313171875 0.5747388734375 0.12516777968749998 0.58839273125 0.11778234531250001 0.597223290625 0.1197341203125 0.6229544453125 0.12559701406249998 0.6354465578124999 0.13242845781249998 0.6703152453125 0.135065465625 0.67377045 0.1542281984375 0.67243155 0.15815147499999999 0.664475025 0.18996164843750002 0.6422961703125 0.27787282343749997 0.5870153765625 0.3194366125 0.5554394921875 0.337654734375 0.547247178125 0.3414939953125 0.540782684375 0.34061488125 0.5257011296874999 0.3313392171875 0.4777851453125 0.32367679374999997 0.4733563078125 0.3115313796875 0.47881785 0.2934707828125 0.4890869125 0.2878706578125 0.4980479265625 0.263422303125 0.5068942640625 0.2557454328125 0.516073284375
18 0.32410473591664024 0.6140625 0.033521572008272396 0.0609375
23 0.30077632391791287 0.6046875 0.03348520934118149 0.0578125
26 0.2813359805856401 0.596875 0.025581802673454224 0.05
0 0.25800756858691276 0.5875 0.028761346674090582 0.0546875
7 0.2401388159214127 0.57890625 0.025599984006999678 0.0515625
12 0.2191268819223672 0.571875 0.025599984006999678 0.0515625
13 0.19890528859009443 0.5640625 0.025636346674090583 0.0546875
1 0.1794831265913671 0.5546875 0.02556362133990877 0.0484375
1 0.1608149425923216 0.54765625 0.02400112133990877 0.0484375
5 0.14528993992682154 0.5390625 0.022474984006999675 0.0515625
1 0.12662175592777608 0.53203125 0.02243862133990877 0.0484375