19 0.4515559765625 0.8237472015625 0.455532634375 0.8258597328124999 0.47821926875000004 0.8189858390625 0.6700285015625 0.7453876328125 0.6746508203125 0.739539896875 0.67167685 0.728276140625 0.661054121875 0.7027686046875 0.654170609375 0.696077125 0.6422490828125 0.6996150140624999 0.6422000171875 0.6996347890625 0.4352169640625 0.7789363687499999 0.439678909375 0.7970794546875 0.44228219375 0.80607094375 0.4515559765625 0.8237472015625
18 0.45400372477717676 0.7933581242783836 0.028524989337999785 0.03568494292790554
23 0.4743253154439495 0.7931933043860073 0.028597714672181595 0.04193494292790554
26 0.49453781810944947 0.7836534844936314 0.02699885200509069 0.0387371683207995
0 0.515549752108495 0.7756397772977023 0.02699885200509069 0.0387371683207995
7 0.5342088454407679 0.7669539820124319 0.02699885200509069 0.0387371683207995
12 0.5560202107733587 0.76046638751295 0.02699885200509051 0.0387371683207995
13 0.576259985439177 0.7532703176205737 0.02856135200509069 0.03880994292790554
8 0.5957185101049951 0.7461106350317506 0.02856135200509069 0.03880994292790554
9 0.6167304441040407 0.7380969278358215 0.025399989337999786 0.035539393713693815
6 0.6354077187698589 0.7309736325505511 0.02699885200509051 0.0387371683207995
1 0.6548480621021316 0.722251449961728 0.022293170671545147 0.03695634449948208