19 0.4130859375 0.57421875 0.41015625 0.5771484375 0.412109375 0.6630859375 0.4169921875 0.669921875 0.4296875 0.6689453125 0.6884765625 0.642578125 0.6953125 0.6318359375 0.689453125 0.5556640625 0.6865234375 0.55078125 0.6708984375 0.55078125 0.4130859375 0.57421875
18 0.428125 0.61171875 0.02734375 0.0359375
23 0.453125 0.61796875 0.02734375 0.05859375
26 0.4765625 0.615625 0.0265625 0.0609375
0 0.50390625 0.6140625 0.0234375 0.05625
7 0.5296875 0.61171875 0.025 0.0609375
12 0.55703125 0.6078125 0.02734375 0.0546875
20 0.58203125 0.60546875 0.02265625 0.05390625
1 0.60625 0.6046875 0.015625 0.05859375
2 0.63125 0.60234375 0.02578125 0.05625
1 0.65546875 0.6 0.02421875 0.059375
6 0.6765625 0.59609375 0.021875 0.05546875