19 0.5311452453125 0.56147713125 0.531614915625 0.560933959375 0.5208768765625 0.3765689546875 0.51772868125 0.37381870625 0.48419430312499995 0.372900284375 0.45432949218749996 0.377079384375 0.461496709375 0.524910625 0.46502882031250004 0.5585804359375001 0.46973647500000004 0.5626930234375 0.5229123765625 0.561764834375 0.5311452453125 0.56147713125
18 0.4831350785721419 0.38649919277912487 0.03684755261671846 0.01625229139585782
23 0.4832638811888604 0.40213782954860006 0.03841005261671846 0.0162795649348082
26 0.484864178543907 0.4161866927791249 0.038228042093374805 0.0131545649348082
0 0.48434823905313334 0.43418271631807526 0.03684755261671846 0.01625229139585791
7 0.48599403903901583 0.44901282954860006 0.03841005261671846 0.0162795649348082
12 0.48855759691740613 0.46617305600964976 0.03519404735504672 0.014662517856907442
15 0.4917658969032887 0.48097589570122423 0.03666554209337462 0.01312729139585791
3 0.4927669547816791 0.49816339570122425 0.03684755261671846 0.01625229139585791
8 0.4951940047675617 0.5129798721622738 0.03519404735504672 0.014662517856907442
2 0.49454155738428013 0.5286321457012242 0.03997255261671846 0.016306838473758488
3 0.4978408626318346 0.5449974853927987 0.03841005261671846 0.0162795649348082