19 0.4326171875 0.751953125 0.56640625 0.7509765625 0.5703125 0.7197265625 0.5634765625 0.7109375 0.4658203125 0.7109375 0.4326171875 0.712890625 0.4296875 0.7158203125 0.4326171875 0.751953125
18 0.4375 0.7265625 0.01171875 0.02265625
12 0.45078125 0.73125 0.01171875 0.02734375
17 0.46328125 0.73046875 0.0109375 0.0265625
0 0.47578125 0.7296875 0.0109375 0.0265625
1 0.4890625 0.73046875 0.01015625 0.0265625
10 0.50078125 0.73046875 0.01015625 0.0265625
26 0.5125 0.73046875 0.01171875 0.028125
8 0.52578125 0.73046875 0.01171875 0.0265625
5 0.53671875 0.73125 0.01171875 0.0296875
6 0.55 0.73125 0.00859375 0.025
7 0.5609375 0.7296875 0.01015625 0.02578125