19 0.5146484375 0.498046875 0.5078125 0.5029296875 0.501953125 0.5439453125 0.501953125 0.5556640625 0.5068359375 0.5625 0.6630859375 0.5859375 0.689453125 0.5869140625 0.693359375 0.5810546875 0.697265625 0.5478515625 0.697265625 0.5263671875 0.6943359375 0.5234375 0.6044921875 0.513671875 0.5146484375 0.498046875
18 0.5171875 0.521875 0.01796875 0.02734375
23 0.5328125 0.53203125 0.01640625 0.03671875
26 0.54765625 0.534375 0.01640625 0.0375
0 0.5640625 0.5375 0.015625 0.0359375
7 0.58125 0.53984375 0.0171875 0.0359375
12 0.596875 0.54296875 0.01484375 0.0359375
11 0.61328125 0.54375 0.015625 0.03515625
6 0.63125 0.546875 0.01484375 0.03828125
0 0.64765625 0.54921875 0.015625 0.0375
3 0.66484375 0.55234375 0.0140625 0.03671875
8 0.68203125 0.5546875 0.01640625 0.03671875