19 0.5791015625 0.484375 0.5185546875 0.529296875 0.513671875 0.5361328125 0.51953125 0.6982421875 0.5234375 0.7001953125 0.6015625 0.5947265625 0.65625 0.5283203125 0.654296875 0.4248046875 0.6513671875 0.416015625 0.6201171875 0.439453125 0.5791015625 0.484375
18 0.53671875 0.6 0.01640625 0.08828125
23 0.55234375 0.58515625 0.01328125 0.10234375
26 0.56328125 0.5671875 0.0109375 0.090625
0 0.575 0.55546875 0.009375 0.090625
7 0.58515625 0.54140625 0.01328125 0.0890625
12 0.59921875 0.52578125 0.0125 0.084375
14 0.609375 0.51640625 0.01328125 0.0921875
9 0.6203125 0.5046875 0.01171875 0.08203125
1 0.628125 0.48984375 0.01328125 0.0828125
3 0.634375 0.4828125 0.009375 0.07109375
5 0.64453125 0.47734375 0.0078125 0.07578125