19 0.46593079218750005 0.783663103125 0.46750478125 0.7818820453125 0.4671738125 0.7535597578125001 0.4071996984375 0.759134721875 0.3040619390625 0.7750600828125 0.295944834375 0.7779917828125 0.29300188125000004 0.783406321875 0.2955656625 0.8055183265625001 0.30340242812499996 0.8077512640625001 0.32090389375 0.8061243953125 0.46593079218750005 0.783663103125
18 0.30402574745418 0.7886235123201086 0.019577670950527093 0.021076503954332537
23 0.31877399695988834 0.7903624258562619 0.018269838935304605 0.027262836958138338
26 0.33443083045798555 0.788944505894318 0.018269838935304605 0.027262836958138338
0 0.35011949745418003 0.7867453359323741 0.018206171939110227 0.025700336958138337
7 0.3650587479484716 0.7837967494685273 0.01658000494291585 0.02407416996194378
36 0.38230991494466593 0.7815339125103891 0.016643671939110226 0.02563666996194396
16 0.397153664944666 0.7809290760465423 0.018206171939110227 0.025700336958138337
7 0.4121247489370547 0.7771992395826957 0.01651633794672147 0.02251166996194396
8 0.4285628324351519 0.7757494861226546 0.01814250494291585 0.024137836958138335
5 0.4434702494313463 0.7735821496588078 0.016516337946721648 0.02251166996194396
0 0.45990833292944355 0.7721323961987666 0.018206171939110404 0.025700336958138337