19 0.34359967343750003 0.994209 0.3585225890625 0.9906202687500001 0.3933417984375 0.9815828609375 0.3778134609375 0.9373339203125 0.314412275 0.796457396875 0.311748596875 0.794839446875 0.2605146578125 0.8081373359375 0.260539375 0.80897073125 0.2664996515625 0.8279799078125001 0.33959683281249997 0.99177763125 0.34359967343750003 0.994209
18 0.2976715599630695 0.8084959420353165 0.03859161910658786 0.023873852005090866
17 0.2977636052483398 0.827236851368544 0.04982021753501122 0.030251121339908593
28 0.3063402386229513 0.8437340080362711 0.04669521753501131 0.030214758672817865
5 0.3141720093011157 0.8610033240372255 0.04825771753501122 0.030232940006363406
1 0.3235662799792801 0.8782908213717254 0.041643844499482 0.022347714672181596
11 0.32979916335389164 0.8947607060391345 0.044914393713693726 0.025509077339272324
32 0.33922982133560897 0.9128294533736344 0.04974744292790545 0.028688621339908592
3 0.34695243010311466 0.927755019374589 0.04349744292790545 0.028615896005727136
7 0.35322170078127907 0.9450061540419981 0.04818494292790536 0.028670440006363408
3 0.36108985876299643 0.9630567200429526 0.046549668320799584 0.027089758672817866
7 0.370411354834055 0.9787817173774525 0.048112168320799585 0.027107940006363407