19 0.5141290781250001 0.8939622578125 0.5170289718750001 0.89065046875 0.51580031875 0.85625513125 0.507322703125 0.695150159375 0.4687023390625 0.6994192078125 0.4717872359375 0.8729409531250001 0.475754696875 0.8957404109375 0.5141290781250001 0.8939622578125
18 0.49280237094775314 0.8839638927387256 0.03155000892845372 0.018460839923887917
23 0.4946512431067317 0.8674939757425312 0.033085235389503434 0.016962006920082116
26 0.49417000203518546 0.8503383092406285 0.033085235389503434 0.016962006920082474
0 0.4929211477331144 0.8324332262368227 0.03311250892845372 0.01852450692008247
7 0.49245354343104325 0.8144963097349199 0.033085235389503434 0.016962006920082116
36 0.49040980235949705 0.7974043102292117 0.03311250892845372 0.018524506920082118
20 0.4907370848269011 0.7786543102292116 0.03311250892845372 0.018524506920082118
1 0.49109164083325557 0.7583418102292117 0.028343188311602673 0.013646005931499162
7 0.4898018762227589 0.742780477225406 0.034675008928453724 0.018588173916276672
7 0.4885530219206878 0.7248753942216004 0.03313978246740419 0.02008700692008212
7 0.48808541761861673 0.7069384777196974 0.034675008928453724 0.018588173916276672