19 0.3330078125 0.66796875 0.31640625 0.6748046875 0.31640625 0.7138671875 0.3271484375 0.73828125 0.3984375 0.7392578125 0.6630859375 0.736328125 0.671875 0.7294921875 0.6796875 0.7158203125 0.6796875 0.6748046875 0.6669921875 0.6640625 0.3330078125 0.66796875
18 0.34140625 0.7015625 0.03046875 0.04609375
16 0.37109375 0.709375 0.02890625 0.05
20 0.4015625 0.70703125 0.02578125 0.04765625
0 0.43125 0.70546875 0.02734375 0.04609375
5 0.46171875 0.70703125 0.0265625 0.046875
20 0.49375 0.70546875 0.021875 0.04140625
24 0.525 0.7078125 0.03203125 0.04765625
1 0.5578125 0.7046875 0.01953125 0.0453125
4 0.58515625 0.7046875 0.021875 0.04296875
7 0.615625 0.7046875 0.02890625 0.053125
9 0.646875 0.7046875 0.025 0.04453125