19 0.42904993906250005 0.6368150203125 0.3942172671875 0.504908415625 0.3883121203125 0.49523021875 0.3700950140625 0.49141386562499995 0.3325302265625 0.4877984296875 0.331143596875 0.49421459843750004 0.36958382031250003 0.6441036984374999 0.4151599390625 0.655082625 0.42434882656250006 0.654615521875 0.42904993906250005 0.6368150203125
18 0.3698377982990119 0.50409200342286 0.03796365016215582 0.02809050790866543
23 0.36493210998740927 0.5167830044114432 0.048873876623205526 0.026973676882026076
26 0.36626278490633135 0.5300005874152489 0.04574887662320544 0.02684634288963732
0 0.3706911862863031 0.5446533364266657 0.04418637662320544 0.026782675893442943
7 0.3758872008967997 0.5600555019399853 0.04254205600635439 0.022031508897248565
12 0.37954798904624665 0.5739588344494994 0.03785455600635448 0.02184050790866543
11 0.3792888904262184 0.5888025844494993 0.04256932954530477 0.023594008897248563
3 0.3845394521146157 0.601079749962819 0.03944432954530477 0.02346667490485981
6 0.38898149026406265 0.6149512489742357 0.041061376623205345 0.026655341901054185
3 0.3902848916440344 0.6297313319780413 0.03785455600635439 0.02184050790866543
2 0.39398659010190684 0.6412909144875554 0.04097955600635448 0.021967841901054184