19 0.466796875 0.5849609375 0.4638671875 0.58203125 0.37109375 0.5830078125 0.3720703125 0.6015625 0.46484375 0.6025390625 0.466796875 0.5849609375
18 0.3765625 0.58984375 0.0078125 0.01328125
23 0.38359375 0.59140625 0.0078125 0.01484375
26 0.3921875 0.59140625 0.00703125 0.0140625
0 0.4015625 0.59140625 0.0078125 0.01484375
7 0.41015625 0.59140625 0.00703125 0.01484375
36 0.4171875 0.5921875 0.009375 0.01484375
15 0.42734375 0.5921875 0.00859375 0.01484375
0 0.4359375 0.5921875 0.01015625 0.01484375
2 0.44375 0.59140625 0.01015625 0.0140625
0 0.45234375 0.5921875 0.0078125 0.01484375
6 0.46171875 0.5921875 0.00859375 0.01484375