19 0.4462890625 0.681640625 0.4072265625 0.6875 0.404296875 0.6923828125 0.40625 0.7373046875 0.4091796875 0.740234375 0.4375 0.7392578125 0.5341796875 0.734375 0.537109375 0.7314453125 0.537109375 0.6826171875 0.5322265625 0.677734375 0.5185546875 0.677734375 0.4462890625 0.681640625
18 0.4140625 0.70625 0.0078125 0.02265625
23 0.42421875 0.71171875 0.01015625 0.0296875
26 0.4359375 0.7109375 0.009375 0.0296875
0 0.4453125 0.7109375 0.01171875 0.03125
9 0.45625 0.7109375 0.009375 0.03046875
33 0.4671875 0.70859375 0.0125 0.03046875
17 0.4796875 0.70703125 0.0125 0.02890625
4 0.49140625 0.70703125 0.01015625 0.03125
0 0.5015625 0.7078125 0.0109375 0.03125
9 0.51328125 0.70625 0.0125 0.03359375
4 0.525 0.70546875 0.00859375 0.03125