19 0.261795065625 0.763231025 0.38163853125 0.7457392796875 0.38171336875 0.74564096875 0.4122936765625 0.48423258437500005 0.41186099218749994 0.480130571875 0.408406878125 0.471567528125 0.301982821875 0.48961298124999997 0.297603640625 0.49536569531249997 0.28644058906250003 0.5573805828125 0.261273721875 0.755040553125 0.26135939375 0.7593206734375 0.261795065625 0.763231025
18 0.3121661781620377 0.5003137292356612 0.06296365016215581 0.03020271046687384
23 0.3001298283241935 0.5276042713290361 0.0802056972400564 0.034328768345264396
26 0.30441790786949824 0.5492517581748564 0.07861592370110611 0.032675263083592476
0 0.316600308031654 0.5751317187123176 0.0755181972400564 0.03405575256024882
7 0.32637077434643397 0.5972419371422866 0.07392842370110611 0.0324022472985769
12 0.3346060142001642 0.6210056608339272 0.0755181972400564 0.03405575256024882
11 0.34052477759284483 0.6464683924180757 0.07861592370110611 0.032675263083592476
6 0.35110376744657507 0.6700956082172087 0.07085797077900687 0.03534523677523325
3 0.35929809699187987 0.6915155819088495 0.0723659237011061 0.03231124203690498
7 0.3674924265371846 0.7129355556004903 0.07387387662320552 0.029277247298576902
2 0.3764816428519645 0.735091276661295 0.07233865016215582 0.030748742036904985