19 0.8538653078125 0.6514784703125 0.851310703125 0.6433556328125001 0.788179803125 0.5001609124999999 0.72606869375 0.5060705109375 0.725230775 0.515930565625 0.7253456671875 0.51697174375 0.7937272875 0.66232369375 0.8517729953125001 0.6568692 0.854223909375 0.6537613828125 0.8538653078125 0.6514784703125
19 0.43967678125000004 0.137102553125 0.43015151406249996 0.138112009375 0.402906365625 0.14223698125 0.40250073124999997 0.1452250078125 0.40437218750000004 0.157138996875 0.44502856875 0.23711875624999998 0.45275264687499994 0.23951354375 0.489049203125 0.234018171875 0.48979090000000003 0.23148234687499997 0.48918314531249996 0.2276132765625 0.44285034999999995 0.13951988906249999 0.43967678125000004 0.137102553125
18 0.8140625 0.6512569578226006 0.03125 0.018825243102595125
23 0.8140625 0.6364132078226007 0.0453125 0.02268722749876275
26 0.8078125 0.6212419092020818 0.04375 0.022605340343632995
0 0.8 0.6067699734264329 0.0421875 0.020960953188503238
7 0.79296875 0.593120231228349 0.0453125 0.021124727498762753
14 0.78515625 0.5786482954527002 0.04375 0.022605340343633172
10 0.78125 0.5651623275648759 0.0484375 0.021288501809022264
0 0.771875 0.5521710046340974 0.040625 0.019316566033373485
8 0.76484375 0.5385212624360135 0.040625 0.020879066033373483
5 0.75703125 0.5248305766603648 0.0421875 0.02252345318850324
9 0.75234375 0.5120849151949756 0.0421875 0.020960953188503238
18 0.459375 0.22876232360814708 0.0265625 0.015454581637205856
23 0.4625 0.21876984791840653 0.0296875 0.015618355947465279
26 0.459375 0.21079357360814704 0.034375 0.015864017412854547
0 0.4546875 0.20117291214275781 0.03125 0.015700243102595036
7 0.4515625 0.19241538783249829 0.0328125 0.012657130257724792
12 0.446875 0.18357597636710904 0.03125 0.015700243102595036
11 0.44296875 0.17712125847928467 0.034375 0.015864017412854547
6 0.43828125 0.1698443470138954 0.03125 0.017262743102595034
0 0.434375 0.16182712912607103 0.03125 0.015700243102595036
3 0.43046875 0.15302866123824663 0.0328125 0.017344630257724793
8 0.42578125 0.14418924977285738 0.0328125 0.01578213025772479