19 0.4110268625 0.58102505 0.4099452828125 0.5995874999999999 0.4102883015625 0.6010244578124999 0.5796804140625 0.70758714375 0.5858535234375 0.709062384375 0.5866000390624999 0.7091145625 0.5922576390625001 0.70078158125 0.6091656515625 0.6445119078125 0.6030126859375 0.6349616328125001 0.5153643453125001 0.5868903624999999 0.445369225 0.542460696875 0.43824218593750003 0.539013003125 0.42269950156249997 0.53792659375 0.4110268625 0.58102505
18 0.5905580376159717 0.6617684346532066 0.02434668977951393 0.03988095553496294
23 0.5717898538203814 0.6618949202252364 0.029288762917777867 0.05098214664195542
26 0.5571643093674647 0.6520015650530933 0.021476262917777867 0.050709328130301046
0 0.5378876325057286 0.6403820187739575 0.021367160144236053 0.04602182813030105
7 0.5216632204616314 0.6319965998994835 0.019804660144236052 0.04596726442797028
12 0.5007876760087148 0.621884989918017 0.021330792553055568 0.04445932813030105
21 0.4868888301690273 0.6143626665970393 0.023038762917777865 0.05076389183263199
1 0.4699377195117009 0.6036062158714 0.018133057370694417 0.04122520072563951
4 0.4537860426499648 0.5920957969969259 0.016643292553055744 0.04429563702330856
1 0.4406138954235065 0.5869445055271136 0.01504442496187508 0.04267857332097762
1 0.4252434685617704 0.575461368503805 0.015008057370694416 0.04111607332097762