19 0.4560546875 0.66015625 0.47265625 0.6591796875 0.47265625 0.6044921875 0.4697265625 0.6015625 0.30078125 0.5888671875 0.298828125 0.6416015625 0.3017578125 0.64453125 0.4560546875 0.66015625
18 0.309375 0.6078125 0.015625 0.0296875
23 0.32421875 0.61796875 0.01171875 0.0375
26 0.33984375 0.61875 0.01328125 0.03515625
0 0.3546875 0.61953125 0.0109375 0.0359375
7 0.3703125 0.62109375 0.0140625 0.03671875
12 0.38671875 0.62265625 0.01171875 0.0359375
21 0.4015625 0.62421875 0.01328125 0.03828125
1 0.4171875 0.62578125 0.0109375 0.03671875
4 0.434375 0.62734375 0.0140625 0.03828125
1 0.45 0.6296875 0.01015625 0.0375
1 0.46484375 0.63125 0.01171875 0.03984375