19 0.43429069531250003 0.5689697640625 0.43812935937499997 0.566116603125 0.47378283750000005 0.491804859375 0.477160596875 0.46870266875000005 0.4361853046875 0.46317671562499996 0.395379128125 0.5510866359375 0.3941222828125 0.5628219359375 0.43429069531250003 0.5689697640625
18 0.4371594807447237 0.5649807286297566 0.025163632001908985 0.014644381458888845
23 0.441737892743451 0.555496625856215 0.034538632001908987 0.014862587005972117
26 0.4392668734086329 0.5446136772429858 0.032976132001908985 0.014826219414791808
0 0.4399299447405875 0.5344392434473955 0.03610113200190899 0.014898954597152781
7 0.4382583567393148 0.5251006110385761 0.03453863200190917 0.014862587005972294
12 0.4350060874044967 0.5142358462209371 0.03143181333545435 0.016352351823611146
15 0.43411574940322406 0.5048790300165275 0.032976132001908985 0.01482621941479163
4 0.4339884800684059 0.4939415300165274 0.03299431333545435 0.01638871941479163
1 0.4323168920671333 0.484602897607708 0.03137726933481808 0.011664851823611145
8 0.43221689473263336 0.4760091476077079 0.032976132001908985 0.014826219414791808
5 0.4313356473981334 0.46743358140329827 0.032976132001908985 0.01482621941479163