19 0.5738244984375 0.4848919171875 0.570445971875 0.4796254125 0.564231040625 0.4792050984375 0.45876166874999996 0.558541003125 0.47037342656250003 0.5982727140625 0.481109046875 0.595455896875 0.5338957984375 0.5558726046875 0.5829170171875 0.5245514874999999 0.5850443203125 0.5209168421875 0.5738244984375 0.4848919171875
18 0.5806456573560453 0.5408987502093969 0.018734589448421345 0.027363020678164495
23 0.5683276678793889 0.5446059470662439 0.022314615756780752 0.035321069892376045
26 0.556654420510225 0.5459330066195378 0.020661110495108836 0.03368579528527036
0 0.5408019073560453 0.5427545026905964 0.01900760523343692 0.032050520678164315
7 0.5297734020943734 0.5417014249403374 0.019098610495108838 0.0336130206781645
12 0.5156198968327016 0.54079389640429 0.02047909997176518 0.030560795285270358
15 0.5037646389401937 0.538995955957584 0.017536110495108836 0.033540246071058634
8 0.49117363367852196 0.5380156528144309 0.01891659997176518 0.030488020678164317
7 0.4800996257860142 0.5361813250641718 0.017536110495108836 0.033540246071058634
4 0.4650738652626705 0.5337476838316775 0.01891659997176518 0.030488020678164317
7 0.4565256178935064 0.5349291941707597 0.019280621018452494 0.03673802067816449