19 0.684194934375 0.6029297453125 0.6823992296875 0.60473183125 0.6626236125 0.7287843703125 0.6506632828125001 0.8166502421875 0.7204413984375 0.8323025265625 0.7349919515625001 0.8296807156250001 0.7502284312499999 0.7285476484375 0.7542847703125 0.6998505734375 0.76459244375 0.6202683875 0.726843375 0.6114223859375 0.684194934375 0.6029297453125
18 0.6859375 0.8131060613293378 0.0515625 0.02866351087441501
23 0.696875 0.7963642303026985 0.065625 0.03236151384016441
17 0.70234375 0.777055814789379 0.0609375 0.030608012851581278
2 0.70390625 0.7583694817855734 0.0625 0.03379667984777566
0 0.70625 0.7404962322798649 0.053125 0.02560217787060921
13 0.709375 0.7203110662722537 0.059375 0.030544345855386724
32 0.71171875 0.7024378167665454 0.0609375 0.02904551285158128
2 0.7171875 0.6831294012532256 0.059375 0.0305443458553869
3 0.71640625 0.6643475677551285 0.0578125 0.030480678859192523
5 0.7203125 0.6441942352456145 0.0546875 0.027228344866803766
6 0.72265625 0.624758485739906 0.053125 0.02560217787060921