19 0.28816335312499997 0.5265505265625 0.3253490375 0.537114071875 0.3286945796875 0.5361526343749999 0.3358100453125 0.5114955203125 0.344412965625 0.47731234687499996 0.3649001 0.3803501078125 0.327807540625 0.3684165703125 0.3201867453125 0.3695134046875 0.3049289359375 0.42892342031249997 0.2836945671875 0.5221186624999999 0.2859580859375 0.525841040625 0.28816335312499997 0.5265505265625
18 0.34643030965650706 0.38327574472169895 0.033276150162155814 0.027135244317957153
23 0.33650588473758497 0.39637971671852174 0.03790910308425506 0.0240920649348082
17 0.33206384658813803 0.4103603961016707 0.03316705600635448 0.02088524431795715
1 0.32918430843869106 0.42436834902377 0.03623750892845372 0.01781479139585791
2 0.325509883519769 0.4375814151763942 0.03790910308425506 0.0240920649348082
30 0.3210542086008469 0.45078084455954315 0.039498876623205434 0.02568183847375849
17 0.31817467045139997 0.4647887974816425 0.04103410308425506 0.02414661201270878
3 0.31530876907142813 0.4795780004037418 0.03316705600635448 0.02088524431795715
6 0.3108258206135558 0.49121492978689074 0.03160455600635448 0.020857970779006862
0 0.3087548060030591 0.5067990194784653 0.03160455600635448 0.020857970779006862
5 0.3058752678536122 0.5208069724005646 0.03790910308425506 0.0240920649348082