19 0.4477508078125 0.33339123125 0.46028157187499996 0.28140873593750004 0.458257825 0.278192878125 0.38636786875 0.2636588203125 0.3420007421875 0.25550486562499997 0.3401122703125 0.25539774843749996 0.33365806875000004 0.25961051875 0.2612720515625 0.5280018203125 0.24851275468749998 0.5783972921875 0.2466757984375 0.5860177015625 0.28117017187500004 0.5958877984375001 0.31862645624999997 0.60346036875 0.3661494578125 0.612194321875 0.372081203125 0.6100451109375 0.442029478125 0.35079352343750003 0.4477508078125 0.33339123125
18 0.33446799590987186 0.583409199952275 0.09690374373179385 0.055796561346272
13 0.3267835280423255 0.5522591972867749 0.09047188730530316 0.049473836012090364
22 0.33012748838802447 0.5178569252864567 0.09355142319868044 0.04794769867918127
7 0.3350566807870348 0.48265522195259314 0.09189799498543501 0.04480451734563573
12 0.3461222129194884 0.4512870432845477 0.080960494985435 0.04467724801081765
27 0.3540172809453194 0.4215177272835932 0.08890938730530315 0.049455654678545
1 0.3600232400373772 0.37615068328295687 0.088772994985435 0.04476815467854491
9 0.36548362984996274 0.3495336392823205 0.09047188730530316 0.049473836012090364
3 0.3757906440357277 0.31739330128104787 0.07930706677218975 0.04153406667727229
9 0.38136469411486995 0.2868700072804115 0.08086956677218975 0.04155224801081765