19 0.639468040625 0.5731645890625 0.6468238609375 0.69591304375 0.6495145109375 0.6988062484374999 0.697579984375 0.7013211640625 0.6992483453125 0.660476415625 0.692869628125 0.5616829515624999 0.6913349296875 0.5600327203125001 0.6425703859375 0.5563465671875 0.6398005125 0.5589062328125001 0.639468040625 0.5731645890625
18 0.6796937924907879 0.5679213574292977 0.017642141066226812 0.01572499394987581
17 0.6808387553437694 0.5804259026088376 0.03956260517284953 0.01741475897699054
28 0.6781229323033735 0.5944702218906783 0.03639214106622681 0.015834078258831142
2 0.677705395156355 0.6069656767111384 0.0347841769596041 0.01426248789975162
6 0.6765066080093364 0.6194565863520589 0.03795464106622681 0.015843168617910665
13 0.6752850888090064 0.6311662459929792 0.0347841769596041 0.01426248789975162
21 0.673305051661988 0.6436526104543598 0.0347841769596041 0.01426248789975162
9 0.6713250145149694 0.6561389749157404 0.0347841769596041 0.01426248789975162
6 0.6693449773679508 0.668625339377121 0.03161371285298138 0.01268180718159222
7 0.6697086902209323 0.681125339377121 0.0363466769596041 0.01427157825883114
8 0.6669474030739136 0.6936071586589618 0.0347841769596041 0.01426248789975162