19 0.3818359375 0.521484375 0.544921875 0.5263671875 0.548828125 0.5205078125 0.548828125 0.4794921875 0.5458984375 0.4765625 0.37890625 0.4716796875 0.376953125 0.5166015625 0.3818359375 0.521484375
18 0.38828125 0.49140625 0.0171875 0.025
23 0.403125 0.496875 0.0140625 0.03359375
26 0.41875 0.496875 0.01484375 0.03125
3 0.43359375 0.49765625 0.0140625 0.03046875
0 0.4484375 0.4984375 0.01328125 0.02890625
12 0.46953125 0.49921875 0.01484375 0.03125
7 0.490625 0.49921875 0.01640625 0.03046875
9 0.50625 0.5015625 0.0140625 0.03046875
0 0.521875 0.49921875 0.01484375 0.0328125
1 0.53671875 0.5015625 0.01171875 0.03359375