19 0.3671875 0.7451171875 0.369140625 0.7744140625 0.3720703125 0.77734375 0.423828125 0.7763671875 0.5517578125 0.7734375 0.55078125 0.7412109375 0.5478515625 0.73828125 0.4482421875 0.73828125 0.3720703125 0.740234375 0.3671875 0.7451171875
18 0.37734375 0.75546875 0.015625 0.01875
23 0.39375 0.76015625 0.01640625 0.02421875
26 0.4109375 0.76015625 0.01484375 0.0265625
0 0.428125 0.75859375 0.01640625 0.02265625
4 0.4453125 0.75859375 0.0140625 0.02265625
14 0.46171875 0.75859375 0.015625 0.02421875
12 0.478125 0.75859375 0.0140625 0.02421875
0 0.49375 0.75859375 0.01484375 0.02265625
1 0.509375 0.7578125 0.0125 0.02421875
8 0.52578125 0.7578125 0.01484375 0.02421875
5 0.5421875 0.7578125 0.015625 0.025