19 0.18169783125 0.46376065312500003 0.1820005046875 0.4711948203125 0.24994940312499997 0.5953806109374999 0.2818238015625 0.6660107749999999 0.2899388140625 0.667667946875 0.32064490625 0.6678466375000001 0.36154715312499996 0.6654387671875 0.3706177484375 0.6639694046875 0.370278325 0.6493804671875 0.26311152031249996 0.46078356249999997 0.25422448750000004 0.4540317015625 0.2430358 0.45403170312499996 0.1832194203125 0.45721078437499996 0.18169783125 0.46376065312500003
18 0.230906649878363 0.4821069366867496 0.06269089754067192 0.033903441558013725
23 0.24042709562363687 0.5072705779204517 0.056422716822512695 0.03066934740221221
26 0.24913902029167195 0.5277330823846785 0.05166249394987581 0.018087526785361165
0 0.2601674238824681 0.543548997157331 0.05010908430895533 0.019622753246410874
6 0.2665083274732643 0.5592830913131323 0.0469659035907962 0.016443206168510117
12 0.2791265021412993 0.5798137796247349 0.0516534035907962 0.016525026785361163
10 0.2878247912707149 0.5979325340889619 0.04699317466803503 0.021130706168510115
5 0.2965139900410509 0.6144887885531888 0.05478749394987581 0.018142073863261922
5 0.3067475080932277 0.627947316556366 0.04539431323171659 0.014853432629560005
2 0.31229807132494425 0.6421052739426921 0.04698408430895542 0.019568206168510117
8 0.32017874901804133 0.6539603916374439 0.04695681323171659 0.014880706168510116