19 0.587890625 0.6513671875 0.587890625 0.7275390625 0.5927734375 0.734375 0.595703125 0.7333984375 0.7861328125 0.650390625 0.79296875 0.6435546875 0.79296875 0.5654296875 0.6943359375 0.609375 0.5927734375 0.64453125 0.587890625 0.6513671875
18 0.6015625 0.678125 0.02265625 0.04140625
23 0.621875 0.68125 0.021875 0.0578125
26 0.63984375 0.675 0.0203125 0.05390625
0 0.6609375 0.66484375 0.015625 0.04921875
7 0.68125 0.6578125 0.01640625 0.05859375
12 0.7 0.6515625 0.01640625 0.0546875
20 0.71875 0.6421875 0.015625 0.05234375
9 0.73515625 0.634375 0.0140625 0.04609375
1 0.7515625 0.628125 0.01484375 0.05078125
3 0.76796875 0.621875 0.0140625 0.0484375
8 0.784375 0.6140625 0.0140625 0.0515625