19 0.40042025312499996 0.7447948515625 0.52270806875 0.7067338484375 0.524129909375 0.7046472734375 0.517977040625 0.671946384375 0.5177176265625001 0.6706886171875001 0.5129439312499999 0.6661016234375 0.40923526718750003 0.7005215 0.368694275 0.710289153125 0.3641645375 0.7143236125 0.37072199375000003 0.7461174046875 0.37377380625 0.7501415140625001 0.40042025312499996 0.7447948515625
18 0.3723713694302683 0.7119444463344491 0.01593408267027261 0.026653403590796286
23 0.38567989143058645 0.7142109282822723 0.015970445337363425 0.02977840359079629
26 0.3997333007638137 0.7133478650505557 0.017532945337363427 0.029787493949875808
0 0.4129963694302683 0.711708096998379 0.017532945337363513 0.029787493949875808
7 0.42704068809672285 0.7100637837666625 0.017478401336727067 0.02509999394987581
36 0.44109409742995015 0.7092007205349459 0.017532945337363513 0.029787493949875808
13 0.4559287567631774 0.7083331121236895 0.017532945337363513 0.029787493949875808
1 0.4715537567631774 0.7082422085328933 0.017532945337363513 0.029787493949875808
9 0.48480773476285927 0.7058211904807166 0.01749658267027243 0.02666249394987581
2 0.5012139847628593 0.7057257417103806 0.017532945337363513 0.029787493949875808
6 0.516030462762541 0.7032956332991243 0.017514764003817972 0.02822499394987581