19 0.5916670359375 0.5248950578125 0.32434474375 0.5912271312499999 0.32351560625000003 0.5923506859375001 0.33971730624999996 0.6878582609375 0.38531570937500004 0.681423509375 0.6237767468750001 0.6194764828125 0.629360384375 0.6069782625 0.6118827171875 0.5270923578125 0.608079540625 0.52238221875 0.5916670359375 0.5248950578125
18 0.608500754090128 0.5875 0.03721049498543501 0.04375
23 0.5830150207831755 0.59765625 0.03784699247815269 0.065625
26 0.5580604848897982 0.59921875 0.0394549565847754 0.0671875
0 0.5291996989964208 0.60078125 0.03463106426490725 0.0625
7 0.501924145156355 0.603125 0.03950042069139794 0.06875
12 0.47221391310304356 0.60234375 0.037756064264907255 0.0625
20 0.44567414515635495 0.603125 0.03306856426490725 0.0625
1 0.42000655542291165 0.60703125 0.026864028371529968 0.0640625
2 0.39424803747622295 0.6078125 0.03780152837152988 0.0640625
1 0.3669270195295343 0.60859375 0.036329956584775315 0.0671875
6 0.34502928747622297 0.6078125 0.03150606426490725 0.0625