19 0.7624986234375 0.775824159375 0.7671407859375 0.7690481015625 0.7757537125 0.721992128125 0.8182820546875 0.5103224328125 0.8150718453125 0.5081374609375 0.7466760984375 0.49314595937499994 0.74505188125 0.4928785203125 0.7426169140625001 0.49502755781249996 0.6896410687500001 0.7250608640625 0.68642375625 0.740676590625 0.6858874640625 0.7642867609375 0.6904761374999999 0.76827393125 0.75117473125 0.7782684093750001 0.7624986234375 0.775824159375
18 0.7142115409954114 0.756575312151562 0.05054547077900686 0.03154089149054773
13 0.7340837102322906 0.7371576916400573 0.05838524431795715 0.033148843285945875
22 0.7368365633165457 0.7137338271786767 0.06156479139585791 0.0362920240041051
2 0.7419331664008008 0.6903235982559156 0.05687729139585791 0.03626475292686635
12 0.7509905665629566 0.6638110952308535 0.055260244317957154 0.03313066256778665
10 0.7561008064166869 0.6396196163080923 0.06310001785690744 0.034738614363184796
30 0.7580996830398922 0.614628706667172 0.06315456493480802 0.03786361436318479
6 0.7647860596630978 0.5896650681034904 0.056850017856907444 0.03470225292686635
3 0.7706911862863031 0.5646968843602691 0.05528751785690744 0.03469316256778647
1 0.7789264261400334 0.5405235861556671 0.0567681972400564 0.03001475292686635
4 0.7824605292242884 0.5171042668738264 0.053670470779006864 0.03155907220870695