19 0.6783776890625 0.21397474062500002 0.6782638375000001 0.21381124218749997 0.625482625 0.20537368281249999 0.61713861875 0.204491290625 0.611371109375 0.2119008921875 0.6054909625 0.3786866296875 0.6077515359375 0.3819330109375 0.664428034375 0.3879266421875 0.6690486921875001 0.3665967078125 0.6728029875 0.26350723593750003 0.6783776890625 0.21397474062500002
18 0.6326187240445766 0.37890625 0.029308068401734035 0.0203125
13 0.6381252713996233 0.36484375 0.04989358418674961 0.025
22 0.6399985845396854 0.34609375 0.04989358418674961 0.025
8 0.6386103897872398 0.3296875 0.044933068401734035 0.0203125
12 0.6403471950347942 0.31328125 0.04989358418674961 0.025
10 0.6389590002823488 0.296875 0.043279563140062295 0.01875
23 0.6398690528990671 0.28125 0.04346157366340577 0.021875
6 0.6424326107774576 0.2640625 0.046586573663405774 0.021875
3 0.641780163394176 0.2484375 0.044933068401734035 0.0203125
3 0.6426447133800586 0.23359375 0.04015456314006229 0.01875
8 0.6412110159967771 0.21796875 0.043279563140062295 0.01875