19 0.3987058390625 0.6298692124999999 0.40375752968749995 0.627525484375 0.43515131875 0.45746277500000004 0.43372513125 0.4554812015625 0.41129350468750003 0.45009383906249995 0.37117973125 0.441198465625 0.36743576875 0.44377714843750005 0.3613208046875 0.481964634375 0.3649538734375 0.4870124953125 0.3596222046875 0.49257227031250006 0.34909087968749997 0.55833960625 0.35272394687499997 0.5633874671875 0.34773199843749997 0.5668257140625 0.33810190156250003 0.6130969046875 0.3426432359375 0.61940673125 0.376803578125 0.6279667078125 0.3987058390625 0.6298692124999999
18 0.39181805628084143 0.4547750458560002 0.03974446159934022 0.024574102665567032
23 0.3986136255603136 0.4737069022824908 0.05081835391920819 0.029579851411925873
26 0.39518474867985176 0.4899994920159342 0.04911946159934022 0.024846887305303156
0 0.3901933717993899 0.5062466176427549 0.04921038981258556 0.027971887305303155
7 0.38828153081230543 0.5210221714828208 0.0521989974927175 0.023375315518548413
12 0.38641515393184356 0.5373602253228867 0.05081835391920828 0.029579851411925873
13 0.3837447949980703 0.5528942971096414 0.052289925705962935 0.02650031551854859
2 0.3818784181176085 0.5692323509497074 0.04755696159934022 0.02480142319868044
7 0.379185327130524 0.583985172736462 0.05550585391920828 0.029716243731793844
7 0.3726314502500621 0.6001868342566599 0.050727425705962934 0.026454851411925873
8 0.3707423413162889 0.615743638096726 0.05224446159934022 0.024937815518548588