19 0.4013671875 0.607421875 0.2783203125 0.5859375 0.2734375 0.5888671875 0.2734375 0.6552734375 0.2783203125 0.6796875 0.4150390625 0.7109375 0.4423828125 0.720703125 0.4892578125 0.73046875 0.5068359375 0.73828125 0.513671875 0.7373046875 0.517578125 0.7333984375 0.515625 0.6220703125 0.5107421875 0.6171875 0.4951171875 0.619140625 0.4521484375 0.611328125 0.4013671875 0.607421875
18 0.2859375 0.62734375 0.0203125 0.05390625
23 0.30390625 0.63828125 0.01953125 0.0671875
26 0.32109375 0.6453125 0.01640625 0.0703125
0 0.33984375 0.6484375 0.01796875 0.0671875
7 0.3609375 0.65 0.0203125 0.0703125
36 0.384375 0.65546875 0.02265625 0.071875
11 0.4046875 0.659375 0.021875 0.071875
1 0.4296875 0.66640625 0.01796875 0.07578125
0 0.453125 0.6671875 0.0203125 0.075
5 0.47578125 0.67421875 0.021875 0.071875
0 0.50078125 0.6796875 0.0203125 0.0703125