19 0.6709105921875 0.4811068875 0.6751564078125 0.5619050703124999 0.6813276546875 0.600228940625 0.7114098890625 0.5984697015625 0.6982907125 0.47313993437499996 0.6775432984374999 0.473381809375 0.6709105921875 0.4811068875
18 0.674438307220875 0.47954669147457346 0.020503414772652384 0.011528533386094964
23 0.6801116087630026 0.49142456584775296 0.026780688311602675 0.013272889812585476
26 0.681865023535655 0.5024075299543755 0.028343188311602673 0.013318353919208192
0 0.6843996883083074 0.5134132261143096 0.025245461850553142 0.014789925705962936
7 0.686947989850435 0.5252001722742436 0.026753414772652383 0.011710389812585476
12 0.6887014046230874 0.5361831363808662 0.025218188311602673 0.013227425705962937
17 0.689687206165215 0.5479246184341776 0.023628414772652383 0.01161946159934022
5 0.6930303944768177 0.560515546647423 0.02680796185055314 0.014835389812585476
1 0.6963463092494699 0.5715439748606684 0.025190914772652385 0.011664925705962758
5 0.6965372240221225 0.5824814748606684 0.025218188311602673 0.013227425705962758
5 0.6990855255642499 0.5942684210206023 0.02837046185055314 0.014880853919208192