19 0.2024640359375 0.5795963765625001 0.20460655156250002 0.61630735625 0.20982373906250001 0.6286772468749999 0.3393236734375 0.61861705625 0.35811200625 0.6154285140625 0.3613512 0.6139092015625 0.35462625625 0.5564486234375 0.21026791718750001 0.5708174546875 0.20626876562500002 0.5716156203125 0.2024640359375 0.5795963765625001
18 0.34775235842897023 0.5772216635733344 0.02405912628012441 0.03839133794672147
23 0.33461532159726726 0.5876498276037792 0.025985647326811724 0.04470500494291585
26 0.3220243163355955 0.588702991634224 0.02102513154179615 0.039826503954332716
0 0.3054360558122518 0.591159488174183 0.025803636803468068 0.041580004942915846
4 0.29050130055057993 0.5921171517103362 0.024150131541796238 0.03995383794672147
12 0.2780013005505799 0.5916078157407811 0.02093412628012441 0.038264003954332715
21 0.26384779528890806 0.5925973127750316 0.02405912628012441 0.03839133794672147
5 0.25130229265807214 0.5928692268054764 0.024150131541796238 0.03995383794672165
0 0.2371032847655644 0.5946399738397269 0.020843121018452492 0.03670150395433271
8 0.22451227950389252 0.5956931378701718 0.022405621018452494 0.036765170950527094
8 0.21192127424222065 0.5967463019006167 0.022405621018452494 0.036765170950527094