19 0.742903121875 0.226046096875 0.716190865625 0.21954057656249998 0.6746784671875 0.2260853328125 0.724114728125 0.608460228125 0.736733934375 0.6190001781250001 0.781392184375 0.6111659171875 0.7948833703125 0.6001150625 0.8007571531250001 0.5893149828124999 0.7671066171875001 0.37055548125 0.7469180515625 0.248410234375 0.742903121875 0.226046096875
18 0.761811745909872 0.5875 0.057477530878812286 0.0421875
16 0.7666954742022595 0.55390625 0.060511602665566856 0.0390625
20 0.7598604524946472 0.5203125 0.057295674452321775 0.0359375
0 0.7537384846271008 0.4890625 0.05582410266556703 0.0390625
5 0.7515909629194885 0.45546875 0.05577863855894431 0.0375
20 0.7455826553184988 0.4203125 0.050909282132453625 0.03125
24 0.7426766156641978 0.3859375 0.05908549498543501 0.04375
1 0.7358643260098967 0.3515625 0.05398881802583091 0.0296875
4 0.7312593940357277 0.321875 0.050909282132453625 0.03125
7 0.726745390274804 0.2890625 0.06207410266556703 0.0390625
9 0.7222995826738143 0.25390625 0.05412521034569906 0.034375