19 0 0.31093599375 0.044487768750000004 0.35540620624999997 0.0508873375 0.3577956125 0.0892645625 0.399204596875 0.1388749984375 0.457249921875 0.1951291625 0.5382688546875001 0.30246421875 0.5615109609375 0.32521517968749997 0.5612227546875 0.32141876406250003 0.5480949796875 0.2987761078125 0.5191478578125001 0.27458771406250004 0.47498572031249997 0.21288308125 0.3948593265625 0.18238323750000002 0.3461450015625 0.16596391562499999 0.32391285000000003 0.1201499 0.2789953 0.093087128125 0.243646309375 0 0.2452701609375 0 0.31093599375
18 0.03882560930608536 0.5469392297074606 0.07765121861217072 0.0376011858759707
23 0.048492030585221065 0.5095892341716874 0.09698406117044213 0.04105346834337489
26 0.05913935390619877 0.47937958279171566 0.11827870781239753 0.03655688311602727
0 0.09220728113337523 0.4487568741875735 0.11693452885594054 0.03951824188232518
7 0.1199156188823232 0.4164080243497292 0.12167659255827142 0.04116256249917605
12 0.14980401552427863 0.3887875848203105 0.0996924651536097 0.03765573295387146
13 0.16794638031506856 0.3617438437487642 0.10912202885594055 0.03938187418757346
0 0.190803526957024 0.334000673294069 0.09818452885594056 0.03919095941492108
9 0.20816464174781396 0.3069432954530476 0.09807540145127884 0.03606595941492108
1 0.22865075653860395 0.27994046468992684 0.09489583774894798 0.03444891233702041
6 0.2450396483712359 0.25833820007943026 0.09640377404661712 0.0329136858759707