19 0.6107515046875001 0.4037422015625 0.6074389124999999 0.40345156875 0.5989913859375 0.40766751562500003 0.5345262015625 0.6589036015625 0.5367878171875 0.66239214375 0.5958361328125 0.6701171765625 0.6014641828125 0.6661824890625 0.6619008546875 0.4130914109375 0.65998594375 0.41108576093750004 0.6107515046875001 0.4037422015625
18 0.5629834578196109 0.6496530119962213 0.03234161910658777 0.024892992142117088
23 0.5773199396226458 0.6263781778358215 0.04982021753501122 0.031943512820281586
26 0.5822086468185749 0.6051024913180568 0.0512371683207995 0.028891287427387446
0 0.5872792905322685 0.5799205548002921 0.045132717535011226 0.031725188998963996
7 0.5937668850317506 0.5577908436754216 0.04960189371369381 0.027256012820281582
12 0.5979835041383383 0.5342077944612099 0.04669521753501123 0.03179796360606986
11 0.6037262359413733 0.5113332206398924 0.048112168320799495 0.028745738213175897
6 0.6079064677444082 0.48853142142568073 0.0449871683207995 0.028600188998963993
6 0.6136491995474431 0.4656568476043631 0.04647689371369381 0.027110463606069855
7 0.6170481813504781 0.4428914356937043 0.045132717535011226 0.031725188998963996
9 0.6227909131535131 0.42001686187238674 0.04193494292790536 0.03001713978475227