19 0.330078125 0.5400390625 0.33203125 0.5654296875 0.3369140625 0.572265625 0.533203125 0.5732421875 0.5830078125 0.5703125 0.5859375 0.5400390625 0.5810546875 0.537109375 0.3564453125 0.53515625 0.3369140625 0.53515625 0.330078125 0.5400390625
18 0.34296875 0.55 0.02109375 0.0234375
31 0.36484375 0.55390625 0.021875 0.02890625
26 0.3875 0.55625 0.0203125 0.02890625
6 0.4109375 0.5546875 0.02109375 0.028125
5 0.43515625 0.55546875 0.02109375 0.03046875
11 0.45703125 0.5546875 0.021875 0.02890625
14 0.4828125 0.55390625 0.025 0.028125
1 0.50546875 0.55546875 0.0140625 0.0265625
0 0.52734375 0.553125 0.021875 0.02890625
3 0.54921875 0.5546875 0.0203125 0.0296875
6 0.571875 0.5546875 0.01953125 0.028125