19 0.8401833828124999 0.5702806421875 0.841535778125 0.5682677796875 0.8410899890625 0.491666678125 0.83776769375 0.43030777656249997 0.8325289515625001 0.42539979375000003 0.7829519890625 0.40898193125000004 0.6600917468749999 0.3557651796875 0.6597382609375 0.3557795734375 0.65694024375 0.405236415625 0.6571102484375 0.41253601562500003 0.6608454921875 0.490774090625 0.6653224671875 0.5069799890625 0.7427596624999999 0.5314816921875 0.839406603125 0.5702987140625 0.8401833828124999 0.5702806421875
18 0.8311376279440026 0.4076366578924045 0.02416475334181776 0.06263635538619425
23 0.8152126359405028 0.4335088114832007 0.019840880012726814 0.09385908430895551
26 0.8003052512730937 0.43906391989445703 0.018296561346272 0.0954124939498758
0 0.7830177539385937 0.44775766384433285 0.021421561346272 0.09543067466803504
7 0.7688916192711848 0.45330822707604945 0.018278380012726813 0.09384999394987581
12 0.7516223032702302 0.46043947102592525 0.01824201734563573 0.0907249939498758
20 0.7335262839354121 0.4714815101553408 0.01667951734563573 0.09071590359079611
2 0.7186007179344576 0.47859911856659726 0.019822698679181273 0.09229658430895533
8 0.7028848112667303 0.48650252215739337 0.019822698679181273 0.09229658430895533
6 0.6856154952657758 0.49363376610726917 0.018260198679181272 0.09228749394987582
6 0.6683370885980486 0.501546260057145 0.019822698679181273 0.09229658430895533