19 0.5830078125 0.37109375 0.4033203125 0.404296875 0.3984375 0.4091796875 0.3984375 0.4306640625 0.40625 0.4833984375 0.4130859375 0.49609375 0.423828125 0.4951171875 0.6865234375 0.43359375 0.689453125 0.4189453125 0.6796875 0.3564453125 0.6748046875 0.3515625 0.6689453125 0.3515625 0.5830078125 0.37109375
18 0.42109375 0.434375 0.02890625 0.0453125
23 0.4484375 0.4421875 0.02890625 0.05625
26 0.471875 0.43828125 0.0234375 0.059375
0 0.49921875 0.43125 0.025 0.0546875
7 0.52265625 0.42578125 0.0203125 0.0546875
14 0.55078125 0.4203125 0.0265625 0.053125
10 0.57734375 0.415625 0.0203125 0.05546875
0 0.59921875 0.41015625 0.02265625 0.05078125
4 0.62421875 0.40546875 0.01875 0.05078125
9 0.6453125 0.4 0.021875 0.05078125
2 0.6703125 0.39609375 0.0234375 0.0515625