19 0.4521484375 0.634765625 0.4453125 0.6435546875 0.44921875 0.6904296875 0.447265625 0.7021484375 0.451171875 0.7216796875 0.44921875 0.7314453125 0.453125 0.7568359375 0.462890625 0.7568359375 0.7333984375 0.671875 0.73828125 0.6650390625 0.736328125 0.5595703125 0.7294921875 0.556640625 0.5771484375 0.60546875 0.4521484375 0.634765625
18 0.46484375 0.68125 0.02734375 0.05703125
23 0.4921875 0.6890625 0.02890625 0.08046875
26 0.51796875 0.68203125 0.02578125 0.07578125
0 0.54609375 0.67421875 0.02421875 0.071875
7 0.57421875 0.665625 0.02578125 0.07578125
12 0.59921875 0.65859375 0.02265625 0.07265625
14 0.62578125 0.65078125 0.025 0.07734375
3 0.65 0.6421875 0.0203125 0.071875
5 0.67421875 0.634375 0.02421875 0.07578125
5 0.6984375 0.625 0.02109375 0.0703125
3 0.7234375 0.61953125 0.01953125 0.07421875