19 0.6201171875 0.583984375 0.5068359375 0.615234375 0.50390625 0.6181640625 0.50390625 0.7060546875 0.513671875 0.7080078125 0.5615234375 0.6953125 0.7177734375 0.640625 0.720703125 0.6376953125 0.720703125 0.5556640625 0.7138671875 0.552734375 0.6201171875 0.583984375
18 0.515625 0.646875 0.01953125 0.04296875
23 0.53515625 0.65546875 0.021875 0.06328125
26 0.55625 0.6515625 0.01640625 0.06484375
0 0.57734375 0.64140625 0.0203125 0.059375
7 0.596875 0.63671875 0.01484375 0.0625
12 0.61796875 0.6296875 0.015625 0.0578125
17 0.6375 0.6234375 0.01796875 0.06171875
9 0.65703125 0.61875 0.01640625 0.05703125
1 0.67578125 0.6140625 0.0140625 0.06171875
5 0.6921875 0.60546875 0.01953125 0.0578125
2 0.71015625 0.60078125 0.0140625 0.059375