19 0.488052275 0.879162478125 0.4940988375 0.8571885515625001 0.5139473796875 0.6874437624999999 0.47873490625 0.682479778125 0.448774675 0.8722220015625 0.4510178890625 0.8752712953125 0.488052275 0.879162478125
18 0.47245443627641726 0.8676338670682247 0.03157728246740419 0.01984127404661713
23 0.47373056411743864 0.8511730533658938 0.03155000892845372 0.01827877404661713
26 0.47499305518898494 0.8339309896635629 0.03316705600635448 0.021458337748947898
0 0.4778180462605312 0.8166343622589013 0.03316705600635448 0.021458337748947898
7 0.48065667410155266 0.8001189848542396 0.03311250892845372 0.0183333377489479
36 0.48348166517309893 0.7828223574495778 0.0331670560063543 0.021458337748947898
20 0.4862793827056948 0.7639632300449162 0.03316705600635448 0.021458337748947898
1 0.48751460023829074 0.7451586663425852 0.029932961850553143 0.015099210344286362
7 0.4903805016182625 0.7302057889379234 0.03316705600635448 0.021458337748947898
7 0.49397310592033356 0.7121006296820964 0.03319432954530477 0.0230208377489479
7 0.4960032102224047 0.6940500341286 0.03631932954530477 0.023129965153609787