19 0.7094973390625 0.60809974375 0.8142531375000001 0.704397625 0.8790577109375001 0.688711603125 0.8358817234375 0.6386687421875 0.7871983421875 0.5923329859375001 0.7312183609375 0.6028421453125 0.7094973390625 0.60809974375
18 0.7571547234019451 0.7092912235353765 0.03946254350298606 0.019006865177646402
31 0.7701450326725006 0.6961726393749768 0.05207164627652787 0.02427656203449331
26 0.7745415919430562 0.6834543155536592 0.05207164627652787 0.02427656203449331
8 0.780518835009202 0.6714444671252358 0.05359777868534721 0.022786836641599174
0 0.7833347104841673 0.658017667911024 0.05516027868534721 0.022859611248705038
12 0.787749453550313 0.6460805940897064 0.05675914627652787 0.024494885855810722
23 0.7913829466164589 0.6341799075719419 0.06460801386770818 0.026421258891340216
9 0.7981050720914242 0.6205711718399655 0.05679551386770818 0.0260573858558109
8 0.8056448151575699 0.6084885488044363 0.05672277868534721 0.02293238585581072
3 0.8131481906325352 0.5948434257689069 0.06617051386770853 0.026494033498445903
4 0.817562933698681 0.5829063519475893 0.05668641109416654 0.0213698858558109