19 0.459649846875 0.42799166250000004 0.43231526875000004 0.4259203734375 0.428227059375 0.4292342609375 0.40364281875 0.5393128500000001 0.40121375937500003 0.559095940625 0.4020171265625 0.566643328125 0.43584654218749996 0.5730555203125001 0.46181910000000004 0.575327825 0.464511128125 0.5731456765625 0.48506337187500004 0.48149150937499996 0.4887296515625 0.43310804999999997 0.4789052734375 0.4305635375 0.459649846875 0.42799166250000004
18 0.444878523290458 0.5633240847853853 0.04112510517284953 0.01836956677218975
23 0.4468812924907879 0.5515371386254513 0.0363466769596041 0.015108174452321776
26 0.44727609758449505 0.53823315657214 0.03473871285298138 0.01350021034569906
0 0.44615386678482505 0.5265371386254513 0.0347841769596041 0.01506271034569906
7 0.4465714039318436 0.51401440657214 0.039517141066226814 0.016761602665567032
12 0.4470116731321735 0.5022729245188287 0.03795464106622681 0.016716138558944316
13 0.446647960279192 0.48977292451882865 0.039517141066226814 0.016761602665567032
1 0.4463069794795219 0.47805417451882865 0.039471676959604095 0.015199102665567033
1 0.4451620166265404 0.46557690657214 0.0363466769596041 0.015108174452321599
5 0.44557955377355896 0.4530541745188287 0.03795464106622681 0.016716138558944316
1 0.4459743588672662 0.4397501924655173 0.039517141066226814 0.016761602665567032