19 0.6676283 0.5569876109375 0.6652809765625001 0.5305545796875 0.6639639125000001 0.522350925 0.5904226984375 0.5382460046875 0.5955551671875 0.5729678609375 0.6676283 0.5569876109375
18 0.5958072291962434 0.5497587165818221 0.011920145861557074 0.01887726933481808
23 0.6034968984635489 0.5520115599140949 0.012165807326946165 0.023564769334818082
26 0.6097059548859839 0.5527200845799131 0.0122476944820761 0.02512726933481808
0 0.6160787856186787 0.5503036092457313 0.0122476944820761 0.02512726933481808
7 0.6231509791962434 0.5494405432447768 0.0122476944820761 0.02512726933481808
12 0.6303050599289381 0.5470149772438223 0.013973968792335612 0.028270450668363624
14 0.6366778906616327 0.5445985019096404 0.013892081637205678 0.026707950668363623
6 0.6422285278167624 0.5429723672422314 0.0122476944820761 0.02512726933481808
7 0.6493416649718922 0.5413280512412769 0.0122476944820761 0.02512726933481808
5 0.656454802127022 0.5396837352403224 0.013973968792335612 0.028270450668363624
1 0.6628276328597166 0.5372672599061407 0.0122476944820761 0.02512726933481808