19 0.452187171875 0.6991431265625 0.6950087953125 0.759729684375 0.70760845 0.7598766765625 0.7083779515625 0.759679675 0.719846403125 0.65007499375 0.7169229734375 0.6468471921875001 0.6592266875 0.62837193125 0.472760446875 0.57971314375 0.46199783906249997 0.5785985734375 0.4587994046875 0.5815282828125 0.44947123125 0.696144415625 0.452187171875 0.6991431265625
18 0.46330099801626545 0.6787839487337235 0.028799611795565026 0.06483538981258548
23 0.486138297290626 0.6952894871343833 0.03252481252120454 0.08211381802583091
26 0.5096303609929569 0.6930450255350431 0.029290685116542824 0.07889788981258547
0 0.5364383976534457 0.6852408857224574 0.029126994009550343 0.07421038981258547
7 0.5616293706116038 0.6790447100164946 0.027619057711881112 0.07572742570596294
12 0.5859845298674309 0.674433766363843 0.029126994009550343 0.07421038981258565
11 0.6117930617185963 0.6729023586045688 0.027782748818873593 0.08041492570596276
6 0.6370113165279196 0.6659249328986059 0.03214286660488845 0.07117631802583091
3 0.6598312576349123 0.660578203352577 0.029126994009550343 0.07421038981258547
7 0.6842136987419047 0.6551860096999255 0.027564494009550345 0.07416492570596293
2 0.7062523898488975 0.649862012207208 0.027455366604888454 0.07103992570596276