19 0.5427172453125 0.7830389921875 0.544853775 0.7497124687500001 0.4180132796875 0.7364400265625 0.38681853125 0.7333025703125 0.3649482796875 0.731518165625 0.362250709375 0.7338892078125 0.35887087812499996 0.763596625 0.363609459375 0.7689804453125 0.4046530203125 0.7733885265625 0.5427172453125 0.7830389921875
18 0.3699838271786767 0.74921875 0.01886817466803503 0.0203125
23 0.38720314343545537 0.7546875 0.018904536104353477 0.0265625
26 0.40440427897407477 0.75703125 0.017351126463433175 0.028125
0 0.42158268861499515 0.75546875 0.018886355386194254 0.0234375
4 0.43956052897407477 0.75703125 0.014198855386194253 0.0234375
14 0.45597132415361463 0.7578125 0.017342036104353475 0.0265625
12 0.47238666451269423 0.759375 0.017342036104353475 0.0265625
0 0.4887974596922341 0.76015625 0.017323855386194253 0.0234375
1 0.5044315500513136 0.76171875 0.014217036104353653 0.0265625
8 0.5208423452308535 0.7625 0.017342036104353475 0.0265625
5 0.5380343904103932 0.76328125 0.017342036104353652 0.0265625