19 0.423828125 0.5869140625 0.4248046875 0.62109375 0.529296875 0.6298828125 0.533203125 0.6279296875 0.533203125 0.5927734375 0.5302734375 0.587890625 0.4541015625 0.58203125 0.4267578125 0.58203125 0.423828125 0.5869140625
18 0.42890625 0.59765625 0.01171875 0.025
23 0.4375 0.6015625 0.00859375 0.02890625
26 0.44765625 0.603125 0.00859375 0.02890625
0 0.4578125 0.603125 0.00859375 0.02890625
7 0.4671875 0.60390625 0.00703125 0.02734375
12 0.47734375 0.6046875 0.00859375 0.02734375
15 0.4875 0.60625 0.00859375 0.028125
8 0.496875 0.60625 0.00859375 0.0265625
7 0.50625 0.60625 0.0078125 0.02734375
4 0.5171875 0.6078125 0.01015625 0.0265625
7 0.5265625 0.6078125 0.0078125 0.02734375