19 0.2086991265625 0.8458516484375 0.2341116875 0.8508951140625 0.2526799359375 0.8535798234374999 0.259508034375 0.8507400281249999 0.30673499375 0.56437415625 0.3050240453125 0.556855390625 0.2973076265625 0.5533584296875 0.25569779062500003 0.551764590625 0.2537699375 0.5530556546875001 0.2086991265625 0.8458516484375
18 0.29134793892607636 0.5727813299650016 0.03922909997176518 0.03012385200509069
23 0.2809032625894822 0.5947926899665925 0.03913809471009326 0.02856135200509069
26 0.27684509414539593 0.6190750746340015 0.037757605233437005 0.03166817067154533
0 0.27131543096298144 0.644938140634956 0.03913809471009326 0.02856135200509069
7 0.2674392730422388 0.672345525302365 0.04409861049510884 0.03330339600572696
12 0.2619096098598243 0.6982085913033196 0.03913809471009326 0.02856135200509069
14 0.25876919930824577 0.7248256353039559 0.04244510523343692 0.031722714672181594
8 0.25163153349499534 0.7499256326384558 0.03913809471009326 0.02856135200509069
2 0.24692862294341675 0.7765608579726375 0.04400760523343701 0.03174089600572714
6 0.24309796765351005 0.8047494926400466 0.04235409997176518 0.030160214672181596
7 0.23839505710193148 0.8313847179742286 0.044280621018452496 0.036428396005727136