19 0.3271484375 0.65234375 0.2822265625 0.65234375 0.2705078125 0.6484375 0.2578125 0.6533203125 0.251953125 0.7041015625 0.251953125 0.7275390625 0.2568359375 0.732421875 0.3681640625 0.73828125 0.513671875 0.7529296875 0.51953125 0.7470703125 0.5234375 0.6923828125 0.5234375 0.6767578125 0.5166015625 0.669921875 0.4599609375 0.66796875 0.3271484375 0.65234375
18 0.26953125 0.68046875 0.02265625 0.0390625
23 0.29140625 0.6921875 0.02265625 0.05078125
26 0.31484375 0.69296875 0.02421875 0.05
0 0.33828125 0.69609375 0.021875 0.05
7 0.36328125 0.6984375 0.021875 0.05078125
12 0.38671875 0.70078125 0.021875 0.04765625
14 0.40859375 0.7015625 0.02109375 0.05
3 0.434375 0.70390625 0.0203125 0.0484375
5 0.4578125 0.70546875 0.02265625 0.05
5 0.4828125 0.709375 0.021875 0.0546875
3 0.50625 0.7125 0.01953125 0.0515625