19 0.5126953125 0.544921875 0.4267578125 0.552734375 0.3212890625 0.5546875 0.314453125 0.5634765625 0.318359375 0.6259765625 0.3212890625 0.630859375 0.349609375 0.6298828125 0.5478515625 0.615234375 0.552734375 0.6103515625 0.548828125 0.5458984375 0.5458984375 0.541015625 0.5244140625 0.541015625 0.5126953125 0.544921875
18 0.33125 0.58828125 0.0234375 0.0390625
31 0.35078125 0.5890625 0.02109375 0.0421875
26 0.3703125 0.5859375 0.01875 0.04375
9 0.39296875 0.58671875 0.01875 0.0375
3 0.4140625 0.58671875 0.0203125 0.04140625
11 0.4328125 0.5828125 0.0203125 0.0390625
26 0.45234375 0.58203125 0.01953125 0.03984375
6 0.475 0.5796875 0.01796875 0.03515625
2 0.4953125 0.5796875 0.01875 0.03515625
7 0.5140625 0.57890625 0.01796875 0.03984375
3 0.53515625 0.5765625 0.02109375 0.0453125