19 0.7434212375 0.9958858156250001 0.7521248328125 0.99527175 0.7562735921875 0.9885142468750001 0.7951233265625001 0.7469812078125 0.8023727828125 0.688324459375 0.79852765625 0.6847907140625 0.748288290625 0.6738541062500001 0.74385635625 0.682700325 0.74086436875 0.7206658359375 0.7075513 0.9174122796875 0.6999141812499999 0.979205678125 0.7021686375 0.982246428125 0.7434212375 0.9958858156250001
18 0.757889555596022 0.6974903609123302 0.036428423701106105 0.029170674452321597
23 0.7622321822192275 0.7226040211788869 0.039580697240056396 0.03082410266556703
26 0.7595708323813832 0.7490755929656416 0.036455697240056394 0.030733174452321776
0 0.7577043693130142 0.7763511468057075 0.03955342370110611 0.029261602665567033
7 0.7534941562446452 0.8035585044858395 0.04117047077900686 0.03243206677218957
12 0.7524362167152264 0.832419290379217 0.039580697240056396 0.03082410266556721
14 0.7482260036468574 0.8596266480593489 0.04117047077900686 0.032432066772189926
8 0.7479356773479635 0.8877289160060375 0.0411159237011061 0.029307066772189926
2 0.7445203510490697 0.9157402557394807 0.0411431972400564 0.030869566772189928
6 0.7403237747501757 0.9437288634196126 0.0411431972400564 0.030869566772189928
7 0.737703335220757 0.9725441852063674 0.042787517856907445 0.03560253087881264