19 0.2962178796875 0.57094159375 0.3101980453125 0.6074701640625 0.3198812984375 0.605596684375 0.344220653125 0.599603578125 0.48472416875 0.553652621875 0.48480436875 0.5535772109375 0.4779692921875 0.5165558203125 0.47731717187499995 0.51458925 0.4733911828125 0.51053346875 0.4462814203125 0.5168837328125 0.3030932734375 0.560375334375 0.29692865 0.5648046 0.2962178796875 0.57094159375
18 0.3088524532543218 0.5654900446637902 0.02063976400381797 0.02918953301668683
23 0.3244410905872309 0.5677961731124925 0.019095445337363515 0.030670145861557075
26 0.34009336258754913 0.5646335515611951 0.01904090133672707 0.025982645861557074
0 0.35652688458786724 0.5614299864323327 0.01749658267027261 0.02746325870642714
7 0.37295131592141273 0.5590076713034703 0.02067612667090888 0.03231453301668683
12 0.38859449725495815 0.5566262997521727 0.01749658267027261 0.02746325870642714
16 0.4050280192552763 0.5534227346233104 0.019077264003817974 0.029107645861557074
6 0.42068029125559453 0.5502601130720128 0.01749658267027243 0.02746325870642714
4 0.43788597258913986 0.5477968543655856 0.019059082670272433 0.027545145861557076
8 0.45352915392268545 0.5454154828142881 0.01749658267027243 0.02746325870642714
6 0.47074392592300357 0.5421709741078609 0.017514764003817972 0.029025758706427318