19 0.26586463125000004 0.502430275 0.2609370375 0.5024374546875 0.1383473046875 0.5687656171875 0.123368346875 0.575750553125 0.10523511249999999 0.5780980171875 0.097417384375 0.5835251578125 0.0862569 0.6493040703124999 0.08829435937499999 0.654716846875 0.11247200156249999 0.6515868953124999 0.17685510937499999 0.6205459296875 0.2189018484375 0.60501108125 0.25256956875 0.586444621875 0.2678199140625 0.5076247484375 0.26586463125000004 0.502430275
18 0.2359324553653268 0.6280624092481369 0.023402783665263983 0.04387726502711473
23 0.22036201906765768 0.6264090056573407 0.023784729581579976 0.05481476502711473
26 0.20983374683513908 0.6146266231437835 0.023784729581579976 0.05481476502711473
0 0.19785210200728223 0.5997101502711464 0.027073420688572547 0.05952044574527378
7 0.18576132977476364 0.5879186773985096 0.025347229581579978 0.054823855386194255
12 0.17140865309574135 0.5737698189872532 0.022003974772256553 0.04855567466803503
21 0.16004456716089188 0.563545391294156 0.022058538474587407 0.05011817466803503
3 0.15021569937487703 0.5541113039601384 0.023621038474587408 0.05012726502711473
5 0.14057780454702015 0.539208466626121 0.023621038474587408 0.05012726502711473
1 0.12843246861217072 0.5289794937534841 0.022113102176918264 0.05168067466803503
2 0.11456094157032873 0.5234289305217674 0.022222229581579978 0.05480567466803503