19 0.6153951625 0.696667028125 0.6256786984375 0.686391296875 0.624085515625 0.6750030687499999 0.3536993625 0.41389440625 0.1873275734375 0.43244493281249996 0.3016090171875 0.55893070625 0.43692141093750003 0.7237359640625 0.487150290625 0.72050676875 0.55454355625 0.713647528125 0.56225349375 0.706617671875 0.6153951625 0.696667028125
18 0.3274105649381035 0.4593601532242064 0.08826365909060954 0.047825377997927986
23 0.33003100446752215 0.48841195243841806 0.12433752678536117 0.05731169396136267
26 0.3523190616916926 0.510560934241453 0.11792388555165915 0.04764559553293921
0 0.38074802476006164 0.5392510144729113 0.10391593262955982 0.05011562406898662
7 0.40459858198423204 0.5614727708830521 0.11479888555165925 0.047500046318727486
12 0.4283673185915514 0.588382027293193 0.09761138555165907 0.046699525640563164
21 0.4529854890462467 0.6114214210068868 0.10388865909060954 0.04855312406898662
2 0.4712991124230411 0.637294716292157 0.10706820616851012 0.05182367328319835
3 0.4959991034945874 0.6556466100058508 0.10070911201270896 0.045282574854774896
5 0.5175059107187578 0.6777592045053328 0.10070911201270878 0.045282574854774896
4 0.5382178311734531 0.7006166617012618 0.09755683847375848 0.04357452564056317