19 0.3521350734375 0.6278902015625001 0.3513442625 0.6354027421875 0.35279601718750003 0.6372324015624999 0.36025307500000003 0.6381466125 0.379965134375 0.6401003640625 0.3834999796875 0.63731531875 0.39442445625 0.57011241875 0.39933333437499996 0.5234790296875 0.368929775 0.5197516546875 0.36762787812500003 0.5207773953125 0.3590080828125 0.57693708125 0.3521350734375 0.6278902015625001
18 0.3735883153451406 0.6313914207733905 0.023655688311602675 0.013318455534962937
23 0.3698866168872681 0.6195362615175635 0.031495461850553054 0.01515377404661713
26 0.3708315081209701 0.6101885433687289 0.028343188311602673 0.013482146641955416
0 0.3725849228936225 0.5993056070710597 0.026780688311602675 0.013427582939624472
7 0.37200822443575005 0.5875595752198942 0.023682961850553054 0.014880955534962936
12 0.37374800243892725 0.5774578889222252 0.023601141233702095 0.010193455534962936
20 0.3739389172115796 0.5665203889222251 0.028343188311602673 0.013482146641955416
8 0.3756786952147569 0.556418702624556 0.022011367694751628 0.00857639183263199
5 0.37586960998740926 0.5454812026245559 0.023628414772652383 0.011755955534962937
2 0.3760468879905864 0.5353249526245559 0.026780688311602675 0.013427582939624472
2 0.37700541599376364 0.5251959844757214 0.025190914772652385 0.011810519237293704