19 0.4716796875 0.564453125 0.3818359375 0.603515625 0.375 0.6123046875 0.38671875 0.6689453125 0.3916015625 0.677734375 0.3984375 0.6767578125 0.5732421875 0.587890625 0.576171875 0.5791015625 0.56640625 0.5244140625 0.5595703125 0.521484375 0.5439453125 0.52734375 0.4716796875 0.564453125
18 0.3953125 0.63046875 0.02109375 0.03828125
23 0.41328125 0.6328125 0.02578125 0.04765625
26 0.42890625 0.62421875 0.01796875 0.04921875
0 0.4484375 0.6140625 0.01875 0.04453125
7 0.46484375 0.60625 0.0171875 0.0453125
12 0.48515625 0.59765625 0.0171875 0.04140625
21 0.5 0.59140625 0.01875 0.04765625
1 0.51640625 0.58203125 0.015625 0.040625
4 0.53359375 0.571875 0.0140625 0.04375
1 0.546875 0.56796875 0.0140625 0.04140625
1 0.56171875 0.5578125 0.01328125 0.040625