19 0.3369140625 0.701171875 0.333984375 0.7060546875 0.333984375 0.7626953125 0.337890625 0.7724609375 0.3447265625 0.775390625 0.388671875 0.7744140625 0.5869140625 0.7734375 0.591796875 0.7626953125 0.591796875 0.7041015625 0.5830078125 0.697265625 0.3583984375 0.697265625 0.3369140625 0.701171875
18 0.35 0.72578125 0.0203125 0.04296875
13 0.3703125 0.7390625 0.0203125 0.04921875
22 0.3921875 0.73671875 0.02421875 0.053125
2 0.41484375 0.7359375 0.0234375 0.0484375
12 0.43984375 0.7390625 0.02109375 0.04765625
10 0.4625 0.73828125 0.02109375 0.05390625
30 0.4859375 0.73515625 0.02265625 0.05390625
6 0.509375 0.73671875 0.02109375 0.04921875
3 0.5328125 0.7359375 0.02109375 0.0484375
1 0.55625 0.73828125 0.01875 0.04921875
4 0.57734375 0.73671875 0.01875 0.046875