19 0.686831634375 0.76292714375 0.709514446875 0.8136515328125 0.7127832234375 0.8157427671875 0.763770196875 0.804605121875 0.75860214375 0.780314 0.7009257921875001 0.67647376875 0.6948050296875 0.672557953125 0.6454625078125 0.68214158125 0.6466113765625 0.6911067734375 0.686831634375 0.76292714375
18 0.7048146477821209 0.6791095032661205 0.04637703301668665 0.02295165258848364
16 0.7094578821782888 0.6929444901119408 0.043170145861557076 0.021207142065139805
20 0.7057120844622808 0.7111862558969564 0.033795145861557074 0.020661110495108836
1 0.7085471573930594 0.7204247480044487 0.04456887155129756 0.0181731473268119
3 0.703856335366792 0.7355870164203001 0.033795145861557074 0.020661110495108836
10 0.7028670454527003 0.7466155216819719 0.035193871551297565 0.017627115756780755
28 0.7036859170039979 0.7622405216819719 0.04012703301668683 0.02258763154179615
7 0.7043410142450359 0.7747405216819719 0.043006371551297565 0.018082142065139983
7 0.702611417908509 0.7865957795744797 0.049747694482076096 0.027821163111827297
8 0.7038839908392875 0.7959252769436438 0.04777575870642732 0.01991765785015538
8 0.69763066881302 0.8111785506211671 0.03988137155129756 0.017900131541796326