19 0.36328125 0.7783203125 0.3681640625 0.783203125 0.5390625 0.7841796875 0.54296875 0.7783203125 0.54296875 0.7568359375 0.5380859375 0.748046875 0.3681640625 0.74609375 0.365234375 0.7490234375 0.36328125 0.7783203125
18 0.375 0.759375 0.0109375 0.01953125
23 0.38671875 0.76484375 0.01484375 0.02421875
26 0.4015625 0.76484375 0.01328125 0.02578125
0 0.41875 0.76484375 0.01328125 0.02265625
7 0.43359375 0.76640625 0.0140625 0.02578125
36 0.45 0.76484375 0.0140625 0.02421875
12 0.465625 0.765625 0.01328125 0.02265625
2 0.48046875 0.76484375 0.0125 0.02265625
0 0.49765625 0.76640625 0.0125 0.0234375
0 0.5125 0.7671875 0.0125 0.0234375
9 0.52890625 0.76796875 0.0140625 0.025