19 0.6114044062499999 0.5550422390625 0.6074533843750001 0.553958759375 0.6001144890625 0.55421514375 0.5651277875 0.561383975 0.5683714421875 0.6170980203124999 0.5913412171875 0.7562956515625 0.59494138125 0.761459790625 0.635107103125 0.755070703125 0.6401923453125 0.751592196875 0.637931678125 0.7217341359375 0.6151660484375 0.5623390984375 0.6114044062499999 0.5550422390625
18 0.5957222431542799 0.7479531156694521 0.028825336958138336 0.017678423701106106
23 0.6004906561961416 0.7306701582831259 0.03032416996194378 0.016143197240056396
26 0.6006034027361005 0.7142502715136507 0.02869800296574958 0.014553423701106105
0 0.6006206487817678 0.6954866347441756 0.02713550296574958 0.014526150162155815
7 0.6006697283255322 0.6775042479747004 0.03032416996194378 0.016143197240056396
12 0.6015318913673939 0.6602894744357501 0.027071835969555025 0.012963650162155815
16 0.6008315544092556 0.6431019744357501 0.02876166996194396 0.01611592370110628
6 0.6016618839530201 0.6251059508967998 0.02869800296574958 0.014553423701106105
4 0.6016791299986874 0.6063423141273245 0.028825336958138336 0.017678423701106106
8 0.6025731265386464 0.5899087905883742 0.028634335969555023 0.012990923701106105
6 0.6025585390862165 0.570363903818899 0.03026050296574958 0.014580697240056395