19 0.82366816875 0.8853155359375 0.7622245984375 0.8111809984375 0.7152649296875 0.7615964140625 0.6568700140625 0.7619377046875 0.64500408125 0.7625649828125 0.642180303125 0.7659385375000001 0.6452415625000001 0.7743747828124999 0.7467068328125 0.9022811125000001 0.7758355515625001 0.9329490078125 0.789841353125 0.9322086109375001 0.8523895625 0.9235633125 0.8535233078125 0.9231051125 0.8524642375000001 0.9117084156249999 0.82366816875 0.8853155359375
18 0.7856150726980443 0.775030272535682 0.049328837946721646 0.024131012820281583
23 0.7839716596561827 0.7921086106250232 0.05551517095052709 0.022859611248705038
26 0.7760464131162238 0.8081146002859411 0.06013900395433271 0.02151543507002245
0 0.7619666670705565 0.8261732415184355 0.05070033695813834 0.019516287427387626
7 0.7555720870325005 0.8414707557864591 0.05701400395433272 0.021369885855811076
36 0.7438042574887359 0.8588573089296123 0.055451503954332716 0.021297111248704682
15 0.7350659274506798 0.8740456612869771 0.053889003954332715 0.021224336641598996
4 0.724796930910721 0.889942489037236 0.049074169961943956 0.017881012820281584
6 0.7152455173745677 0.904313204091048 0.046076503954332715 0.020860463606069857
5 0.7063798533441228 0.9163765564484126 0.047639003954332716 0.020933238213175543
3 0.6991721898079695 0.9308564334128835 0.049074169961943956 0.017881012820281584