19 0.7777853343750001 0.7392114296875001 0.8364619125000001 0.696424765625 0.87570364375 0.6732132625 0.907849928125 0.6469409359375 0.9059860828125 0.5670928578125001 0.9040481375 0.563947696875 0.8971593718750001 0.563746909375 0.7876790015624999 0.6517569812499999 0.773981603125 0.6614748890625 0.7562112046875 0.667138421875 0.7544419296875 0.6689204703125 0.7597499125 0.7449594296875001 0.7777853343750001 0.7392114296875001
18 0.7656426051544958 0.6903085161255413 0.017917840343633175 0.04447774607105863
23 0.7813085487320606 0.6918175121965998 0.01997166327441171 0.05392552067816432
26 0.7932353386461525 0.6814622090534467 0.01849105042954129 0.05541524607105863
0 0.8073830478275494 0.6688723178209524 0.020299211894930735 0.06017552067816432
7 0.8209132813192062 0.659371039284905 0.020053550429541288 0.055488020678164315
12 0.8374866276557331 0.6484528099630695 0.01651911465389233 0.04752997146395277
21 0.8494953047249545 0.6396600068199163 0.018327276119281775 0.05229024607105863
3 0.8608046189493056 0.6323933163732103 0.0166828889641522 0.05065497146395277
5 0.8733898281307028 0.6197306505336101 0.01816350180902262 0.049165246071058634
1 0.8869610051999242 0.6110106219975627 0.018245388964152197 0.050727746071058635
2 0.9016819244672298 0.6093582307650685 0.019971663274411355 0.05392552067816432