19 0.38545735312499996 0.8021855078125 0.410577084375 0.801600840625 0.6065508421875 0.788402796875 0.6074980203125 0.7647304687500001 0.6074708984375 0.7623996109375 0.6034897859374999 0.7424722234375001 0.6004287296874999 0.7393935593750001 0.5779809703125001 0.7392629187499999 0.384113978125 0.7524186187499999 0.3769715078125 0.75747846875 0.38105291874999997 0.7942324281250001 0.38545735312499996 0.8021855078125
18 0.3926844167727224 0.7723217563651733 0.02063976400381797 0.028597778685347207
23 0.41149805144013146 0.7773540952710066 0.020712489337999785 0.034847778685347205
26 0.43255543877304065 0.7737381327900691 0.019131808004454243 0.03324891109416672
0 0.4536310074394951 0.7716846703091316 0.017587489337999786 0.034775043502986235
7 0.47235373543917697 0.7689045092149649 0.017587489337999786 0.03477504350298606
12 0.4942196447724042 0.7676141129384371 0.01756930800445424 0.03321254350298623
13 0.5145139634388588 0.7655788342530899 0.020694308004454244 0.03328527868534721
8 0.5340270321053133 0.7635617393633328 0.019131808004454243 0.03324891109416654
9 0.5551026007717679 0.7615082768823953 0.017532945337363513 0.030087543502986237
6 0.5746156694382225 0.7594911819926384 0.01911362667090888 0.03168641109416672
1 0.594128738104677 0.7574740871028813 0.014426126670908878 0.03157730832062491