19 0.3876953125 0.669921875 0.3486328125 0.66796875 0.345703125 0.6708984375 0.345703125 0.6865234375 0.353515625 0.7724609375 0.3564453125 0.775390625 0.451171875 0.7744140625 0.5556640625 0.771484375 0.6162109375 0.765625 0.611328125 0.6572265625 0.4482421875 0.666015625 0.4287109375 0.6640625 0.3876953125 0.669921875
18 0.3703125 0.72890625 0.028125 0.059375
23 0.3984375 0.73046875 0.03203125 0.0609375
26 0.42109375 0.7328125 0.01875 0.06015625
0 0.4421875 0.73125 0.0203125 0.0578125
6 0.46171875 0.7296875 0.021875 0.059375
12 0.48828125 0.728125 0.0234375 0.06015625
10 0.51328125 0.728125 0.025 0.0609375
5 0.53984375 0.728125 0.02109375 0.0625
5 0.56015625 0.7265625 0.02109375 0.06015625
2 0.5796875 0.72421875 0.02421875 0.059375
8 0.60078125 0.72265625 0.021875 0.059375