19 0.539294128125 0.797769278125 0.7345119140625 0.7603403015625 0.735734165625 0.7584453921875001 0.7366489171875 0.7193990343750001 0.7359207062500001 0.688605740625 0.7330578671875 0.6862953890625 0.7179338015625001 0.684539115625 0.6339689546875 0.6958651406249999 0.5270670843749999 0.703648890625 0.5275670125 0.787374378125 0.529498740625 0.79542960625 0.5348164671875 0.7972493125 0.539294128125 0.797769278125
18 0.5384185303935649 0.7477249480951919 0.032816808105551945 0.06857021753501122
23 0.5595486676971179 0.749488655291121 0.0311815334984459 0.06693494292790554
26 0.5797156184829062 0.7473097251834971 0.02464043507002245 0.06039384449948208
0 0.6023354811793531 0.7475837069865321 0.024567660462916762 0.05883134449948209
7 0.6225024319651414 0.7454047768789083 0.021733758891340216 0.06493579528527035
12 0.640961333536718 0.7400280721641785 0.0229323858558109 0.05719606989237604
20 0.6603470343225063 0.7378127547530017 0.021515435070022626 0.060248295285270356
9 0.6781702351082946 0.7355246627347191 0.021224336641599173 0.05399829528527036
6 0.69439454859053 0.7323825461093307 0.02115156203449331 0.052435795285270356
1 0.7107644112869771 0.7323654294839421 0.01988016046291676 0.05861302067816432
7 0.7254626120727654 0.7299317882514478 0.02620293507002245 0.06046661910658777