19 0.5374273703125 0.611871028125 0.5310724671875 0.6080297578125 0.425896246875 0.6259015671875 0.2996659328125 0.6405915671875 0.297320053125 0.642332440625 0.28694621875 0.73011075625 0.3239407703125 0.7370020765625 0.348068675 0.7344334171875 0.5237054234375 0.7018850249999999 0.5265056546875 0.69980698125 0.5374273703125 0.611871028125
18 0.5141738128122126 0.7071080871596538 0.028536176882026077 0.04921038981258565
23 0.49255348079699013 0.7127215896669362 0.0388661818249421 0.07292067445232178
26 0.469547062317921 0.7034686101209073 0.0326161818249421 0.0727388180258309
0 0.4478803093521716 0.6887923446815012 0.033987680836358794 0.06809678213245363
7 0.4280307243711995 0.6804115433487177 0.029363847832553348 0.06952288981258548
12 0.4064594718997416 0.6680790279093115 0.029172846843970035 0.06483538981258548
17 0.3857331364244781 0.6573317445232167 0.03086268083635888 0.06800585391920819
9 0.36588355144350615 0.6489509431904331 0.029172846843970035 0.06483538981258548
1 0.346783382964437 0.639811623910961 0.02936384783255317 0.06952288981258548
5 0.32989963049297905 0.6276155007914228 0.03236151384016441 0.06648881802583091
2 0.3100500455120071 0.6192346994586393 0.027674013840164415 0.06635242570596275