19 0.383346165625 0.3262375546875 0.3809809671875 0.3234164703125 0.330997384375 0.319626628125 0.329178753125 0.320418728125 0.3009147859375 0.6668779625 0.3052958421875 0.672103453125 0.3343046125 0.675154778125 0.35665571093750004 0.6770256171875 0.383346165625 0.3262375546875
18 0.3373312262517366 0.6546968940357277 0.03357621941479163 0.03376724623907634
17 0.3328430947928478 0.6298105543022844 0.044550087005972294 0.03564799498543501
28 0.33293336056041717 0.600100322248973 0.05076371941479172 0.03426735141192587
2 0.33758383975885464 0.5647849478757937 0.04458645459715278 0.03721049498543501
9 0.33847353932201435 0.535833233769171 0.044550087005972294 0.03564799498543501
10 0.3400353861116324 0.5021712876092369 0.04607621941479163 0.034130959092057725
31 0.3432324680836115 0.47158887734268023 0.04771145459715278 0.03730142319868044
9 0.3463931824644101 0.43944396707612354 0.04458645459715278 0.03721049498543501
1 0.3495902644363892 0.40886155680956693 0.04607621941479163 0.034130959092057725
3 0.3527691626127781 0.37749789654301014 0.038300087005972296 0.035466138558944316
3 0.3519872594023961 0.34390414654301016 0.04451371941479163 0.034085494985435096