19 0.7755994187499999 0.2493867 0.6767503406250001 0.1503126953125 0.62222568125 0.1542316921875 0.607606396875 0.15936764375 0.6515541921875 0.21516790000000002 0.6986093 0.26401687812499997 0.7757596703125 0.250987903125 0.7755994187499999 0.2493867
18 0.6393677052627429 0.15829811187238674 0.04095230832062509 0.015954639784752266
31 0.6555739335112498 0.16612772849777527 0.053561411094166546 0.021224336641599173
26 0.6639312941685762 0.17588371815869303 0.051998911094166544 0.02115156203449331
8 0.6723068386214928 0.1848584578196108 0.05508754350298624 0.019734611248705035
0 0.679864765483229 0.19543208478408153 0.05508754350298624 0.019734611248705035
12 0.6882221261405553 0.20518807444499929 0.05665004350298606 0.019807385855810898
23 0.6949988030022916 0.21579808871302295 0.06453527868534721 0.023296258891340127
9 0.7056999136596178 0.22544491646328196 0.05668641109416672 0.0213698858558109
8 0.7164373919081248 0.23352924421354096 0.05665004350298623 0.019807385855810898
3 0.7287010025654512 0.2431032973566941 0.06446254350298623 0.020171258891340128
4 0.7362771132227776 0.2528956743211648 0.05661367591180557 0.0182448858558109