19 0.5029296875 0.62109375 0.5 0.6240234375 0.5029296875 0.66015625 0.5390625 0.6591796875 0.6005859375 0.65625 0.603515625 0.6533203125 0.6015625 0.6201171875 0.5986328125 0.6171875 0.5341796875 0.619140625 0.5029296875 0.62109375
18 0.5078125 0.634375 0.01015625 0.021875
23 0.515625 0.63828125 0.01015625 0.025
26 0.52421875 0.63828125 0.0078125 0.02734375
0 0.53359375 0.6375 0.00859375 0.0265625
7 0.54296875 0.6375 0.009375 0.025
12 0.55234375 0.6375 0.00859375 0.025
12 0.5609375 0.6375 0.00859375 0.0265625
9 0.56953125 0.63671875 0.009375 0.02421875
5 0.57890625 0.63515625 0.00859375 0.02421875
9 0.58828125 0.63515625 0.0078125 0.02421875
7 0.596875 0.634375 0.0078125 0.02578125