19 0.561188190625 0.6761235906249999 0.5704480796875 0.6677010906249999 0.5713803625 0.654334934375 0.56189699375 0.6456344328125 0.51546755625 0.6421036671875 0.43659761562500005 0.642214546875 0.42941413281249996 0.646758784375 0.43307344687500005 0.6633266921875001 0.443737840625 0.6731107265625 0.5189450390625 0.6761829796875001 0.561188190625 0.6761235906249999
18 0.4446355791349724 0.6571851838316775 0.014471603084255057 0.024092471463952592
23 0.4586980791349724 0.6565302123677248 0.0144170560063543 0.02096747146395277
26 0.4696492159044475 0.6568020401179838 0.011319329545304768 0.022384422249740864
0 0.48214921590444754 0.6562198432611369 0.011319329545304768 0.02238442224974104
7 0.4931003526739227 0.6564916710113959 0.008139782467404188 0.019113873035529316
12 0.5071355791349724 0.6542741995474433 0.0112920560063543 0.020821922249741043
16 0.5188816026739227 0.6552908899941492 0.012936376623205348 0.025582196856846907
2 0.531408876212873 0.6562711931373024 0.009756829545304768 0.022311647642635178
4 0.5415651262128731 0.6557981581911143 0.011346603084255058 0.023946922249740866
3 0.550940126212873 0.6553615105484792 0.011319329545304768 0.02238442224974104
0 0.5610963762128731 0.6548884756022911 0.012881829545304768 0.022457196856846905