19 0.7607421875 0.486328125 0.7294921875 0.482421875 0.5947265625 0.48828125 0.5556640625 0.494140625 0.5302734375 0.4921875 0.4150390625 0.50390625 0.3740234375 0.50390625 0.369140625 0.5126953125 0.37890625 0.5498046875 0.3837890625 0.556640625 0.400390625 0.5576171875 0.7529296875 0.5390625 0.7724609375 0.53515625 0.77734375 0.5302734375 0.77734375 0.5224609375 0.765625 0.4912109375 0.7607421875 0.486328125
18 0.4 0.52421875 0.03828125 0.034375
23 0.43515625 0.5296875 0.0359375 0.034375
26 0.46875 0.5265625 0.034375 0.0328125
0 0.50546875 0.525 0.0375 0.02890625
7 0.5359375 0.52109375 0.034375 0.03359375
12 0.5734375 0.51953125 0.0375 0.03125
12 0.6109375 0.5203125 0.040625 0.03125
1 0.64140625 0.51796875 0.02890625 0.03515625
1 0.67421875 0.5140625 0.028125 0.03046875
1 0.70703125 0.51328125 0.03125 0.0328125
2 0.73984375 0.509375 0.03984375 0.03125