19 0.4878700953125 0.561107165625 0.378490490625 0.7122752015625 0.37782194375 0.7175747234375 0.382775709375 0.720778421875 0.395309221875 0.7214344078125 0.49692539687500004 0.7233620468749999 0.63019373125 0.5204983484375 0.631693490625 0.5120515984375 0.6432420609375 0.49655572656249997 0.6429219796875 0.482821925 0.6339300578125 0.48145829375 0.630322790625 0.4811857921875 0.6269226046874999 0.4913610890625 0.6221338125 0.484579303125 0.616170584375 0.49054886093750005 0.6135321953124999 0.48392951718750005 0.602780171875 0.483117284375 0.547520303125 0.4875028765625 0.4878700953125 0.561107165625
18 0.5637905163488034 0.4916717002623033 0.06058467292769336 0.031760920688572544
26 0.5640916052841081 0.5182069184111379 0.0854573389353046 0.029508939925866073
26 0.5471733607213155 0.543360685834333 0.0853936719391104 0.02794643992586625
3 0.5285652821661342 0.5653348895551973 0.07614600593149916 0.03074405771188111
0 0.5092714541052444 0.5896255614248961 0.07614600593149916 0.03074405771188111
12 0.4878885440291324 0.6200843877410988 0.0776448389353046 0.02923612141421188
7 0.4657243839530201 0.650515932206136 0.08533000494291584 0.026383939925866073
9 0.44620772140545 0.6693378540758348 0.07283000494291585 0.025947430307219223
0 0.42981605885787993 0.6882689033501954 0.07445617193911022 0.027564494009550345
1 0.4158954803026986 0.7104067981780522 0.07257533695813834 0.019697430307219398