19 0.8163645468749999 0.6846056859375 0.8165346671875 0.6843823890625 0.8320516093749999 0.578275734375 0.8361111015624999 0.5434996703125 0.8310935609375001 0.539724828125 0.7021345828125 0.559676734375 0.6385372640625 0.5620954859375 0.632259478125 0.56911665 0.623689825 0.6425294703125 0.6195818453124999 0.69520264375 0.6639042749999999 0.7011787796875 0.7121544671875 0.6982793609375 0.8163645468749999 0.6846056859375
18 0.816812711754347 0.5967900614832007 0.028515885440423716 0.06735112646343318
23 0.7979445370863122 0.6172116457921561 0.028652240826617614 0.09078862646343318
26 0.7799666967272325 0.6188786849215717 0.03022383118569749 0.09236021682251269
0 0.7604263563681529 0.620554814410067 0.03177724082661797 0.0908068071815924
7 0.7416581756499937 0.6237888987190223 0.028688602262936413 0.09703862646343317
12 0.7228899949318344 0.6270229830279778 0.030242011903856714 0.0954852168225127
17 0.7056934045727548 0.6286854769778536 0.030251102262936414 0.0970477168225127
1 0.6885104497522947 0.6280042209277293 0.027089740826617793 0.09077953610435348
4 0.6705371545727548 0.628890010057145 0.02866133118569749 0.09235112646343317
6 0.6525593142136752 0.6305570491865605 0.02866133118569749 0.09235112646343317
6 0.6345905642136752 0.6306615883159761 0.027098831185697492 0.09234203610435365