19 0.71875 0.3779296875 0.689453125 0.4072265625 0.677734375 0.4287109375 0.666015625 0.4404296875 0.615234375 0.5146484375 0.58984375 0.5439453125 0.58203125 0.5595703125 0.5390625 0.6025390625 0.53515625 0.6103515625 0.53515625 0.7216796875 0.541015625 0.7216796875 0.6171875 0.6259765625 0.7421875 0.4501953125 0.75 0.3740234375 0.75 0.3408203125 0.7470703125 0.337890625 0.71875 0.3779296875
18 0.54765625 0.6375 0.02265625 0.07578125
17 0.57109375 0.62734375 0.02109375 0.09140625
28 0.59140625 0.60390625 0.01953125 0.08515625
2 0.6140625 0.57109375 0.01875 0.08125
6 0.63359375 0.54765625 0.01796875 0.08046875
11 0.653125 0.5234375 0.01484375 0.08203125
36 0.67265625 0.49609375 0.01875 0.0875
0 0.6890625 0.4734375 0.01484375 0.0828125
5 0.7078125 0.44609375 0.01796875 0.08671875
2 0.72421875 0.42578125 0.01640625 0.0796875
8 0.740625 0.4046875 0.01484375 0.07734375