19 0.5048828125 0.712890625 0.541015625 0.7119140625 0.541015625 0.6865234375 0.5380859375 0.68359375 0.42578125 0.6787109375 0.42578125 0.7001953125 0.4326171875 0.70703125 0.5048828125 0.712890625
18 0.43203125 0.68828125 0.009375 0.01796875
23 0.44140625 0.6921875 0.01015625 0.021875
26 0.4515625 0.69296875 0.00859375 0.02265625
0 0.4625 0.69375 0.01015625 0.021875
7 0.47265625 0.6953125 0.00859375 0.0234375
12 0.4828125 0.6953125 0.009375 0.021875
17 0.49296875 0.6953125 0.009375 0.0203125
5 0.50390625 0.696875 0.01015625 0.021875
1 0.5140625 0.6984375 0.00859375 0.021875
5 0.52421875 0.6984375 0.009375 0.0203125
5 0.534375 0.69921875 0.009375 0.0234375