19 0.693359375 0.3037109375 0.6875 0.2802734375 0.689453125 0.2587890625 0.6875 0.2333984375 0.6845703125 0.23046875 0.6806640625 0.23046875 0.6474609375 0.263671875 0.5205078125 0.37109375 0.423828125 0.4423828125 0.421875 0.4521484375 0.435546875 0.5087890625 0.44140625 0.5283203125 0.4453125 0.5302734375 0.4892578125 0.5 0.6083984375 0.400390625 0.6162109375 0.3984375 0.689453125 0.3330078125 0.693359375 0.3251953125 0.693359375 0.3037109375
18 0.44453125 0.46953125 0.03046875 0.05234375
23 0.4671875 0.4671875 0.034375 0.05546875
26 0.48984375 0.4515625 0.0265625 0.06171875
0 0.51484375 0.43125 0.02890625 0.0609375
7 0.53359375 0.4125 0.02734375 0.06015625
12 0.56015625 0.390625 0.02578125 0.059375
21 0.5828125 0.375 0.03203125 0.0625
7 0.6046875 0.3515625 0.0203125 0.08203125
3 0.6296875 0.33203125 0.0171875 0.078125
5 0.65 0.3125 0.02421875 0.0796875
0 0.675 0.29296875 0.02734375 0.075