19 0.5789015703125 0.49094705000000005 0.5792623140625001 0.49034489687500005 0.5530165 0.353585209375 0.5490272203125001 0.3379499125 0.543030190625 0.3357815109375 0.5022950015625 0.34356484374999996 0.4990629328125 0.35182703437499996 0.516951159375 0.43902656406249996 0.533738853125 0.500347653125 0.5337558859375 0.5003579203124999 0.545673696875 0.4998643328125 0.5789015703125 0.49094705000000005
18 0.5121879452542946 0.34921875 0.03136817466803503 0.0203125
23 0.5239703277678519 0.36015625 0.040770445745273956 0.025
26 0.5240521409995684 0.37421875 0.03293067466803503 0.0203125
0 0.530383954231285 0.38828125 0.03450226502711473 0.021875
7 0.5335862222834618 0.4015625 0.03606476502711473 0.021875
12 0.5375788306947181 0.41640625 0.03293067466803503 0.0203125
21 0.5423390535673551 0.42890625 0.03292158430895533 0.01875
3 0.5478850716195318 0.4421875 0.031368174668034855 0.0203125
5 0.552663475210328 0.4578125 0.03605567466803503 0.0203125
1 0.5589861980829649 0.4703125 0.03447499394987581 0.0171875
2 0.5629697161351417 0.48359375 0.03293067466803503 0.0203125