19 0.2024379609375 0.66489896875 0.21489432343749998 0.663966425 0.218476821875 0.6616006484375 0.22206565312499998 0.6437123625 0.2280681734375 0.5621568531250001 0.224762534375 0.554782484375 0.2221552484375 0.554244659375 0.20447050625 0.5547777125 0.198513134375 0.5835995031250001 0.1918148828125 0.660240575 0.198387784375 0.6640389671875 0.2024379609375 0.66489896875
18 0.199078413698276 0.6568303864751543 0.01768760517284953 0.01778770072563951
23 0.19781143039132343 0.6466195727728234 0.022329641066226813 0.01638889183263199
26 0.20353023297774814 0.6382167957309814 0.017551212852981467 0.01310020072563951
0 0.20387121377741826 0.6264980457309814 0.02076714106622681 0.016334328130301046
7 0.20641955225722036 0.6195486412844777 0.019113712852981468 0.013154764427970278
12 0.21142530100357915 0.6087748323914703 0.019159176959604098 0.014717264427970278
20 0.21326058564331518 0.5994543960938012 0.025409176959604096 0.014935519237293703
8 0.21746235233636263 0.5894345553496284 0.019113712852981468 0.013154764427970278
5 0.21922944081616466 0.5824578690519593 0.02076714106622681 0.016334328130301046
2 0.22345393956252346 0.5716567783077864 0.02380121285298147 0.013318455534962937
2 0.22604774214894824 0.5631448738612826 0.02223871285298138 0.013263891832631991