19 0.349609375 0.8369140625 0.359375 0.8388671875 0.5029296875 0.7890625 0.50390625 0.7333984375 0.5009765625 0.73046875 0.4912109375 0.732421875 0.3505859375 0.77734375 0.349609375 0.8369140625
19 0.78125 0.5205078125 0.783203125 0.5556640625 0.787109375 0.5576171875 0.8759765625 0.529296875 0.87890625 0.5263671875 0.876953125 0.4912109375 0.8681640625 0.48828125 0.7841796875 0.513671875 0.78125 0.5205078125
18 0.359375 0.80078125 0.0125 0.02890625
23 0.3734375 0.803125 0.01328125 0.04140625
26 0.3875 0.8 0.0125 0.0390625
0 0.40234375 0.79453125 0.0109375 0.03828125
7 0.415625 0.78984375 0.01171875 0.04296875
14 0.4296875 0.784375 0.01328125 0.03984375
10 0.44296875 0.7828125 0.009375 0.04375
0 0.45625 0.77578125 0.01171875 0.0359375
8 0.46953125 0.771875 0.01171875 0.03828125
5 0.48359375 0.76640625 0.0125 0.0375
9 0.49609375 0.76328125 0.0109375 0.0375
18 0.78984375 0.52890625 0.0109375 0.02578125
23 0.79921875 0.53359375 0.00859375 0.02734375
26 0.80625 0.53125 0.00859375 0.03125
0 0.81640625 0.528125 0.00859375 0.02890625
7 0.82421875 0.5265625 0.0078125 0.03125
12 0.83359375 0.5234375 0.009375 0.028125
11 0.83984375 0.52109375 0.00859375 0.03046875
6 0.84765625 0.51796875 0.009375 0.02890625
0 0.85546875 0.515625 0.009375 0.028125
3 0.86328125 0.51328125 0.01015625 0.0296875
8 0.87265625 0.51015625 0.00859375 0.02890625