19 0.277096434375 0.577294146875 0.30629579375 0.5767844359375001 0.309278803125 0.5736053453125 0.3069265109375 0.545503225 0.2917696796875 0.42172933593749995 0.28877901562499997 0.41892513437499995 0.258971846875 0.420661734375 0.25809748906249996 0.4212164140625 0.26027410156249997 0.46795864218750005 0.2738224359375 0.57422428125 0.277096434375 0.577294146875
18 0.2855606180776328 0.5702523709042883 0.018895450668363532 0.012609084308955331
23 0.28149073607572384 0.5562125968019872 0.026744313335454527 0.015779536104353654
26 0.28054585407381477 0.5421546419815272 0.025145450668363534 0.012645445745273775
0 0.28193563140513306 0.5273018016224474 0.025163632001908985 0.014207945745273953
7 0.2809998400699968 0.5140250968019873 0.023582950668363623 0.012636355386194254
36 0.2815992767345423 0.4983955516224475 0.028324994668999893 0.017351126463433175
20 0.2822078040658606 0.4835472564429077 0.026726132001908987 0.014217036104353653
1 0.28283451273072435 0.4702614612633679 0.023582950668363623 0.012636355386194254
7 0.28188963072881534 0.4562035064429077 0.025163632001908985 0.014207945745273776
7 0.28174418006045177 0.4437035064429077 0.02514545066836362 0.012645445745273775
7 0.2823617980585428 0.42963646126336785 0.02518181333545444 0.015770445745273955