19 0.422823803125 0.06571161875 0.2822490125 0.0720327984375 0.27514077187499997 0.07803040312500001 0.3287549109375 0.1765501109375 0.364509621875 0.2556901359375 0.3821213015625 0.2587170109375 0.4707452984375 0.2541624125 0.5243227890625 0.24572350625 0.45231866875 0.12131579374999998 0.4286590453125 0.0707252171875 0.422823803125 0.06571161875
18 0.3385921884891822 0.0785234131569618 0.06849769448207602 0.02539088544042356
23 0.3667957536180446 0.0947705818730685 0.10114642017181659 0.022456782981095526
26 0.37382368159177726 0.10957797043675002 0.1027089201718165 0.022465873340175156
0 0.3833591338757694 0.12749672346181212 0.10279080732694634 0.024028373340175158
7 0.39112736827193717 0.14151831684595387 0.09950203301668674 0.020885192622015936
12 0.4007037641334942 0.16021831987101595 0.09645892017181659 0.022429511903856714
20 0.41336421641748633 0.17811889217791882 0.09637703301668683 0.020867011903856713
2 0.42277683796878385 0.19369389520298091 0.10279080732694634 0.024028373340175158
8 0.4322713466752111 0.21083139822804303 0.09966580732694634 0.024010192622015935
6 0.4409846053816384 0.22797344643264497 0.09802142017181659 0.022438602262936237
6 0.45130130766563054 0.24588765427816722 0.09793953301668665 0.020876102262936236