19 0.6216130390625 0.73159219375 0.5395031203125 0.745477921875 0.5394987171875 0.745478759375 0.4328382421875 0.76638193125 0.43051772499999996 0.7701458328124999 0.438455178125 0.8049907046874999 0.5128748703125 0.7921930671874999 0.6332808171875 0.7693338562500001 0.63389249375 0.7683417125 0.626139884375 0.73449374375 0.6216130390625 0.73159219375
18 0.4436881011654279 0.783672580694718 0.019568455534962937 0.023546584308955332
23 0.46327391486775876 0.7853487101832133 0.024419646641955416 0.028261355386194252
26 0.48113353746309706 0.7823282493126289 0.023075401451278843 0.03450226502711473
0 0.4981300645049391 0.7769594932625047 0.022857146641955418 0.028252265027114733
4 0.5175521871002774 0.773948122751 0.021294646641955416 0.028243174668035033
14 0.5353845278444502 0.7701464118804155 0.02296627404661713 0.03137726502711473
12 0.5524629004397885 0.7671214058302913 0.02140377404661713 0.03136817466803503
0 0.5695412730351268 0.7640963997801672 0.021294646641955416 0.028243174668035033
1 0.5858111137792996 0.7602855985505031 0.018169646641955417 0.02822499394987581
8 0.6036434545234725 0.7564838876799188 0.02291171034428636 0.02981476502711473
5 0.6207218271188107 0.7534588816297945 0.021349210344286364 0.02980567466803503