19 0.8747412796875 0.6500274859374999 0.86609938125 0.6483125703125 0.8147536843750001 0.6163183937500001 0.66961134375 0.5111984453125 0.46326635937500005 0.517676890625 0.44901467500000003 0.5238433359375 0.5053633203125 0.5740017703125 0.54387259375 0.5979974 0.573638828125 0.624619053125 0.684672578125 0.7067533625 0.9252619687499999 0.68158191875 0.8853540171875001 0.660310384375 0.8747412796875 0.6500274859374999
18 0.7920857408446894 0.49734431648765876 0.1289980192372937 0.031714746720639654
23 0.8032588538213808 0.5123551628241856 0.17738095553496294 0.03269074852966192
26 0.7774676801375833 0.5363216073062617 0.1711855192372937 0.03392569990914289
0 0.7446998201561168 0.5590940439864216 0.158576391832632 0.030145602668104843
7 0.7166467420258156 0.5808395692011923 0.1696230192372937 0.03384381275401314
12 0.6940624138955146 0.6022984893730088 0.14925595553496293 0.031216779737326304
6 0.6715053676163789 0.6229761595448252 0.14780258293962448 0.03425989258219673
2 0.6449602257837469 0.6462022976044662 0.14780258293962448 0.03425989258219673
2 0.623238993206942 0.665276524198718 0.15098214664195542 0.03598616689245624
7 0.5936234150766408 0.6871039365686183 0.15081845553496276 0.03129866689245624
7 0.5741368050951744 0.7091803324301752 0.15092758293962447 0.03442366689245624