19 0.4871912328125 0.6659232890625 0.4877464390625 0.6650995265625 0.4881414234375 0.6575643 0.4888334140625 0.628481634375 0.37848815625 0.6133567140625 0.3744754953125 0.6151057265625 0.37311571093749996 0.6540448703124999 0.3751190015625 0.65781588125 0.40981369062499995 0.662319371875 0.4871912328125 0.6659232890625
18 0.38022809238863536 0.6296405740262053 0.013482146641955416 0.028707196856846907
23 0.3886581512816428 0.6347283343652876 0.00890377404661713 0.031613873035529316
26 0.39954108757931195 0.6368002566150286 0.00890377404661713 0.031613873035529316
0 0.41047858757931194 0.6373096788647696 0.01046627404661713 0.03168664764263518
7 0.41982630572814655 0.6385275765074047 0.008849210344286363 0.030051373035529138
12 0.4307092420258156 0.6405994987571457 0.010411710344286363 0.030124147642635178
15 0.44083821017465025 0.6418537837033338 0.01046627404661713 0.03168664764263518
8 0.4509944601746502 0.6423268186495219 0.010357146641955417 0.02856164764263518
7 0.46115071017465026 0.64279985359571 0.010357146641955417 0.02856164764263518
4 0.47278761462115393 0.6456894131490039 0.01191964664195524 0.028634422249741043
7 0.4829438646211539 0.6461624480951919 0.010411710344286363 0.030124147642635178