19 0.5655908859375 0.843765559375 0.5756286125 0.8395954890624999 0.577872946875 0.78875394375 0.577884203125 0.7877916796875 0.2145418265625 0.7603430609374999 0.2083628390625 0.760199575 0.20313188750000002 0.780880215625 0.2029896328125 0.79304358125 0.20336279375 0.8250153296875 0.21153945625 0.8298552406249999 0.4852260515625 0.8409577296874999 0.5655908859375 0.843765559375
18 0.22626744085648162 0.7897667900376186 0.03485018899896399 0.04508700692008212
23 0.2603342258026697 0.801291880455798 0.03506851282028158 0.04977450692008212
26 0.29080297580266967 0.8025333868815887 0.03201628742738745 0.051209672927693364
0 0.32521436310622265 0.8047153107978652 0.03179796360606986 0.04652217292769336
7 0.3572456131062226 0.8060204842198504 0.028818512820281583 0.04951983893530461
14 0.39169338771332846 0.8089836581361268 0.036703787427387446 0.051400673916276673
10 0.4245786623204343 0.8118831650562089 0.030381012820281585 0.04958350593149916
10 0.45746393692754017 0.8147826719762913 0.030235463606069858 0.04645850593149916
4 0.49180254962398723 0.815402095892568 0.02740156203449331 0.052581171939110403
9 0.5247605988381989 0.8198641028126502 0.030381012820281585 0.04958350593149916
2 0.5568646234453049 0.8227317762346352 0.02874573821317572 0.04795733893530461