19 0.5284763359375 0.5999047703125 0.5130441265625 0.5910648375 0.4923798625 0.58787930625 0.4814321421875 0.5958830828125 0.4656039984375 0.6257478703125 0.43274606562500006 0.6680629765625 0.4225163796875 0.6901761890625 0.401221759375 0.7148909765625 0.3997561578125 0.72327965625 0.390024846875 0.730394125 0.3794287609375 0.7546045078125 0.3700638515625 0.75962180625 0.35850054062500003 0.777222125 0.3559798453125 0.7819782109375 0.35418645 0.7933941109375 0.356052946875 0.7973045171875001 0.3869481953125 0.8058601328125 0.4240207609375 0.8095688484375 0.42509502968749996 0.809024628125 0.434591915625 0.79110575625 0.469149871875 0.7512063734375001 0.530732884375 0.665939053125 0.5551931328124999 0.6352513078124999 0.5666244671875 0.6305525640625 0.571006509375 0.623690296875 0.57288008125 0.6188039296875 0.5729166140624999 0.61857138125 0.5628727828125 0.6095145109375 0.5284763359375 0.5999047703125
18 0.5265087638030129 0.6077860533091293 0.06468979139585791 0.038547846843970036
23 0.5112968210271834 0.629484639772976 0.0600295649348082 0.03991934585538672
26 0.49926442532925447 0.6479308922444339 0.05361592370110611 0.03028967787060921
0 0.48483373255342493 0.6695976452101835 0.056822744317957155 0.03510451186299814
7 0.47204736039444634 0.6865132311797387 0.05517842370110611 0.030353344866803765
12 0.4599876911575671 0.7065219836511967 0.05361592370110611 0.03028967787060921
13 0.447941658690163 0.7257494861226546 0.05517842370110611 0.030353344866803765
1 0.4351552865311845 0.7426650720922096 0.050436376623205346 0.027037343878220453
1 0.4239177776027307 0.7602982410655704 0.048873876623205345 0.026973676882026253
5 0.4119672025216528 0.7740569935370283 0.05202615016215582 0.02866351087441501
1 0.4007160568237239 0.7924714125103891 0.050436376623205346 0.027037343878220453