19 0.5730884625 0.525416528125 0.5706148390625 0.520745646875 0.41837435625 0.5075841546875 0.40871116875 0.548873346875 0.4060274328125 0.5905442171875 0.42464328125 0.5943662468750001 0.5606024234375 0.613351746875 0.5630159015625 0.607663515625 0.5683276562499999 0.5730889390625 0.5730884625 0.525416528125
18 0.4173875231834131 0.5198122991097909 0.026258663111827295 0.04884660308425506
17 0.4298798179076238 0.5328889975676633 0.026713689420186527 0.05665910308425506
28 0.4424708231692957 0.5342333092560606 0.028367194681858443 0.058248876623205346
2 0.45597958632347535 0.5379077341749827 0.028367194681858443 0.058248876623205346
6 0.46935184158514714 0.5392384090939049 0.028367194681858443 0.058248876623205346
11 0.48207935473932684 0.542926470782302 0.025060184158514787 0.05506932954530477
36 0.4971506178935064 0.5465736221622739 0.028367194681858266 0.058248876623205346
0 0.5097416231551783 0.5479179338506711 0.026804694681858265 0.05822160308425524
5 0.5240316363093579 0.5515787220001181 0.0285492052052021 0.06137387662320535
2 0.5398386468327016 0.5544309866106147 0.028640210466874018 0.06293637662320535
8 0.5557366626177171 0.5588457512211112 0.028640210466874018 0.06293637662320535