19 0.75367581875 0.41441095937499994 0.754086259375 0.41478796874999996 0.823107359375 0.40994382968750004 0.8246231093749999 0.4056305421875 0.7895132734375 0.2569110953125 0.7289714093749999 0.2586109 0.71734705 0.26272314531249996 0.7170289640624999 0.271674571875 0.75367581875 0.41441095937499994
18 0.746875 0.2651439497141491 0.034375 0.016825401451278844
23 0.75703125 0.27487361377929964 0.0421875 0.018660719962933038
26 0.76171875 0.28753730488629226 0.04375 0.018715283665263982
0 0.76484375 0.30170893229095397 0.040625 0.01704365626060227
7 0.76796875 0.31509930969561567 0.04375 0.018715283665263982
12 0.77109375 0.32692718710027735 0.0453125 0.02189484736759475
20 0.77421875 0.3418800645049391 0.0421875 0.018660719962933038
9 0.78046875 0.3553795693142625 0.0484375 0.02044147477225646
1 0.7828125 0.37186766486775874 0.046875 0.018824411069925696
3 0.7859375 0.38603929227242045 0.046875 0.021949411069925696
8 0.78984375 0.40101945152824764 0.0453125 0.01876984736759475