19 0.1767578125 0.580078125 0.3095703125 0.625 0.3408203125 0.634765625 0.34765625 0.6337890625 0.365234375 0.5498046875 0.3583984375 0.5390625 0.2021484375 0.498046875 0.189453125 0.4990234375 0.173828125 0.5673828125 0.1767578125 0.580078125
18 0.18984375 0.53046875 0.01796875 0.04453125
23 0.20078125 0.54296875 0.02265625 0.0515625
26 0.2140625 0.5453125 0.0203125 0.0484375
0 0.22890625 0.5515625 0.0203125 0.04921875
7 0.24453125 0.55390625 0.02109375 0.05234375
36 0.259375 0.5609375 0.02265625 0.05390625
17 0.275 0.565625 0.02109375 0.05390625
1 0.29453125 0.5703125 0.0140625 0.053125
1 0.31015625 0.57421875 0.01328125 0.05390625
8 0.325 0.58046875 0.01796875 0.05390625
9 0.34296875 0.58515625 0.01875 0.05546875