19 0.3079687734375 0.7878477546875 0.366568053125 0.7916075515625 0.36734156093750003 0.7909413187500001 0.37925015 0.7409303796875 0.4145544390625 0.629207478125 0.415070025 0.616114434375 0.3566021765625 0.61407089375 0.3532263671875 0.6169785359375 0.31077094843749997 0.7508226453125 0.3079687734375 0.7878477546875
18 0.35517717728880854 0.6206547623201086 0.030278533386094784 0.021522172927693362
13 0.350921586301724 0.6356895133086918 0.04911946159934022 0.025411176882026078
22 0.35068590558119617 0.654471346806789 0.04911946159934022 0.025411176882026078
8 0.3550695287007343 0.6707184293163031 0.04434103338609487 0.022095175893442943
12 0.3563508838735838 0.6878740958182059 0.0490739974927175 0.023848676882026253
10 0.359953256993122 0.704153011825817 0.04268760517284953 0.018906508897248563
23 0.36116641600603744 0.7189649283277199 0.04434103338609487 0.022095175893442943
6 0.3609080032321983 0.736965511825817 0.04434103338609478 0.022095175893442943
3 0.36372912635173643 0.7532762613315255 0.04273306927947216 0.020469008897248564
3 0.3649422853646519 0.7680881778334283 0.04112510517284953 0.018842841901054185
8 0.3684991943775674 0.7828045938410395 0.04112510517284953 0.018842841901054185