19 0.5842891828125001 0.6774133859375 0.6225823015625 0.675996365625 0.6234589421875001 0.6188335625 0.62110635625 0.59005719375 0.578918775 0.5942368984375 0.584132553125 0.6754975234375 0.5842891828125001 0.6774133859375
18 0.6069786486208265 0.6733598485837311 0.03132272287263689 0.012863626670908878
23 0.6038945552366848 0.666364961250822 0.03757272287263689 0.01293635200509069
26 0.6055115973911624 0.6569717799172766 0.03600113251355737 0.011355670671545326
0 0.6032178443661003 0.6484053019175947 0.032885222872636885 0.012881808004454242
7 0.6048257961614985 0.6405746205840492 0.03132272287263689 0.012863626670908878
36 0.6040945431364364 0.631989961250822 0.034447722872636886 0.012899989337999785
11 0.6041309045727548 0.625739961250822 0.029751132513557366 0.011282945337363515
4 0.6002791967272325 0.6164104145846856 0.039126132513557364 0.011392033338636054
3 0.6026683985226307 0.6085706425843674 0.03443863251355737 0.011337489337999784
3 0.6050576003180288 0.6007308705840493 0.03132272287263689 0.012863626670908878
4 0.6035314617543472 0.5944990519175948 0.034456813231716586 0.014462489337999785