19 0.6064453125 0.59375 0.5556640625 0.59765625 0.5263671875 0.60546875 0.5166015625 0.603515625 0.51171875 0.6083984375 0.513671875 0.6865234375 0.5166015625 0.69140625 0.537109375 0.6904296875 0.7099609375 0.669921875 0.712890625 0.6650390625 0.7109375 0.5869140625 0.7080078125 0.583984375 0.6435546875 0.5859375 0.6064453125 0.59375
18 0.52734375 0.64765625 0.0203125 0.0625
23 0.5453125 0.64921875 0.01796875 0.05859375
26 0.55859375 0.64453125 0.01171875 0.0609375
0 0.57734375 0.64296875 0.015625 0.05078125
7 0.59453125 0.6359375 0.01328125 0.05234375
12 0.6109375 0.63984375 0.01328125 0.05234375
14 0.62734375 0.63515625 0.015625 0.0546875
5 0.6453125 0.634375 0.015625 0.05703125
2 0.6625 0.6328125 0.01640625 0.053125
1 0.68359375 0.63203125 0.0125 0.053125
1 0.70078125 0.63046875 0.0140625 0.0484375