19 0.2236328125 0.533203125 0.21875 0.5361328125 0.21875 0.6591796875 0.2216796875 0.6640625 0.3134765625 0.685546875 0.392578125 0.6982421875 0.396484375 0.6943359375 0.3984375 0.6435546875 0.3984375 0.5771484375 0.3935546875 0.5703125 0.3369140625 0.5625 0.2236328125 0.533203125
18 0.22890625 0.5859375 0.0171875 0.059375
23 0.24296875 0.60625 0.0140625 0.08046875
26 0.259375 0.609375 0.01484375 0.08046875
0 0.27578125 0.61328125 0.01640625 0.08046875
7 0.2921875 0.61875 0.0140625 0.0859375
12 0.3078125 0.6234375 0.01484375 0.084375
17 0.3234375 0.62734375 0.015625 0.08515625
1 0.3390625 0.62890625 0.0125 0.0796875
4 0.35546875 0.63203125 0.01484375 0.08125
6 0.37109375 0.63515625 0.0140625 0.08125
6 0.38671875 0.63828125 0.0125 0.08046875