19 0.29876936249999997 0.3993958109375 0.3478181125 0.44036438593750005 0.3984838421875 0.50122250625 0.40583529687500003 0.5060732328124999 0.5700982953125 0.4972213140625 0.5715481234374999 0.49371990156249995 0.5714653109375 0.49300735468749995 0.45810638125 0.415527484375 0.3992822 0.37100268125 0.2818408703125 0.379261921875 0.29876936249999997 0.3993958109375
18 0.3847501663784157 0.49296426447217845 0.0907977168225127 0.034436954997525505
23 0.39813595550783126 0.47569155529078133 0.10640453610435348 0.032130826548823065
26 0.414619473560008 0.46327012041964377 0.09387726502711473 0.026788229307785193
0 0.42484844643264497 0.4513023869279872 0.09230567466803503 0.025143842152655436
7 0.4382069644848217 0.43871717774659 0.09232385538619425 0.02826884215265544
12 0.4523603680756178 0.4238291621427578 0.08607385538619425 0.027941293532136414
14 0.4602365005891752 0.4133010979184066 0.09545794574527396 0.02999511646291495
9 0.47046547346181206 0.40133336442674994 0.08450226502711473 0.026296906377006657
1 0.4853637656162899 0.3927362924004826 0.08608294574527378 0.029503793532136325
3 0.4916592174116879 0.38525134102100156 0.07198408430895534 0.022516809135968607
5 0.49641034992524524 0.3745595024863908 0.07822499394987581 0.02128185775648763