19 0.47306088281249997 0.3811398359375 0.479494075 0.44227253906249997 0.5083613406249999 0.4387324296875 0.60337295 0.407449453125 0.6063029 0.40367042499999994 0.60068183125 0.3470847453125 0.596238515625 0.33562916875000004 0.586583884375 0.33826076562499996 0.47306088281249997 0.3811398359375
18 0.597353726671173 0.38586234113660256 0.015535719962933214 0.042924484396167806
31 0.5851265451828274 0.3943299383776405 0.019206356986241603 0.05871325870642723
26 0.5725446996293311 0.39264128561867856 0.018933538474587407 0.05090075870642732
8 0.5600174177781657 0.3925151328597166 0.01720734736759475 0.04613137155129756
0 0.546572476671173 0.38852367367831947 0.01715278366526398 0.044568871551297476
12 0.535634976671173 0.38909688376422774 0.02044147477225664 0.049420145861557074
23 0.523134976671173 0.38975198100526576 0.01737103847458741 0.050818871551297565
9 0.5081275355641806 0.38584240897899835 0.017098219962933214 0.043006371551297565
8 0.49953378556418054 0.38629278833221203 0.012574411069925517 0.04744821008590829
3 0.48845987630835336 0.3829597484181203 0.018878974772256463 0.04933825870642723
4 0.4734524352013608 0.3790501763918529 0.015753974772256464 0.049174484396167804