19 0.4375 0.5048828125 0.43359375 0.5439453125 0.43359375 0.5615234375 0.4365234375 0.564453125 0.564453125 0.5771484375 0.5703125 0.5732421875 0.572265625 0.5615234375 0.57421875 0.5185546875 0.5693359375 0.513671875 0.4501953125 0.501953125 0.4375 0.5048828125
18 0.44453125 0.534375 0.01171875 0.0375
23 0.45625 0.53359375 0.0109375 0.0328125
26 0.46796875 0.534375 0.009375 0.03125
0 0.4796875 0.53515625 0.0109375 0.03125
7 0.49140625 0.5359375 0.01171875 0.0359375
12 0.50234375 0.53671875 0.01015625 0.03359375
13 0.5140625 0.53828125 0.01015625 0.03515625
1 0.525 0.53984375 0.0109375 0.0359375
1 0.5375 0.540625 0.01015625 0.0328125
5 0.5484375 0.54140625 0.01171875 0.03515625
1 0.56171875 0.5421875 0.01171875 0.03515625