19 0.5646329484375 0.6711741390625 0.4921122109375 0.67332695625 0.4563054078125 0.6782838609375 0.45925357968749997 0.7035070718750001 0.4625062 0.7060941890625 0.5521376046875 0.7000708312499999 0.5745723859375 0.6973161875 0.5722223984375 0.6772107468749999 0.5646329484375 0.6711741390625
18 0.46446683806342615 0.6866355604738766 0.01126478246740401 0.018940914772652383
23 0.4738827483718516 0.6888156692401746 0.012909103084255058 0.023655688311602675
26 0.48403899837185166 0.6886383912369973 0.012936376623205348 0.025218188311602673
0 0.49497649837185165 0.688447476464345 0.011346603084255058 0.023628414772652383
7 0.5051327483718516 0.6882701984611678 0.009756829545304768 0.022038641233702094
12 0.5152753616023764 0.6873116704579905 0.011346603084255235 0.023628414772652383
17 0.5254179748329013 0.6863531424548134 0.011346603084255058 0.023628414772652383
5 0.5363554748329012 0.686162227682161 0.012909103084255058 0.023655688311602675
1 0.5465253616023764 0.6867661996789838 0.011346603084255235 0.023628414772652383
5 0.5566543380634261 0.6850264216758065 0.011346603084255058 0.023628414772652383
5 0.5668105880634261 0.6848491436726294 0.012936376623205348 0.025218188311602673