19 0.37687060156249996 0.750103296875 0.526895225 0.79052665625 0.5305247328125 0.7911270484374999 0.5343151640625 0.79099414375 0.5367379953125 0.7867635640625 0.539197096875 0.7429051125 0.5339619843750001 0.7357965890625 0.4134052046875 0.70588078125 0.375027915625 0.70722640625 0.37301376406250003 0.7224655890625 0.37545297031249997 0.748700665625 0.37687060156249996 0.750103296875
18 0.5297200544239937 0.7577406443645207 0.022602351823611144 0.03201389183263181
23 0.5157848409931256 0.7627183210435431 0.022966027735416717 0.047638891832631994
26 0.499269488219584 0.757457902169069 0.01973192496187508 0.042842264427970275
0 0.48515243683281317 0.7546230788480913 0.019622822188333444 0.03815476442797028
7 0.4718166354460423 0.751815537378279 0.018060322188333443 0.03810020072563951
12 0.4553558340592714 0.748898868503805 0.022747822188333443 0.03826389183263199
21 0.44122059887691034 0.7452827951828274 0.02278418977951393 0.039826391832631994
7 0.4278847974901395 0.742475253713015 0.01660692496187508 0.04273313702330857
3 0.4137859298989589 0.7404216803920374 0.016497822188333445 0.038045637023308564
5 0.3996870623077784 0.7383681070710597 0.019695557370694505 0.04127976442797028
0 0.38475239332982697 0.7339435018989166 0.01646145459715278 0.03648313702330856