19 0.283203125 0.5849609375 0.2861328125 0.587890625 0.3359375 0.5869140625 0.4169921875 0.5859375 0.419921875 0.5712890625 0.4130859375 0.564453125 0.2919921875 0.56640625 0.28515625 0.5693359375 0.283203125 0.5849609375
18 0.29296875 0.5765625 0.0109375 0.0140625
23 0.30390625 0.5765625 0.01015625 0.01484375
26 0.31640625 0.57578125 0.01015625 0.0140625
0 0.32734375 0.57578125 0.01015625 0.01484375
7 0.3390625 0.57578125 0.01171875 0.01484375
12 0.35078125 0.575 0.009375 0.01484375
21 0.36171875 0.575 0.01015625 0.01484375
9 0.37421875 0.575 0.009375 0.0140625
6 0.38671875 0.575 0.01171875 0.01484375
7 0.3984375 0.57421875 0.009375 0.01328125
5 0.41015625 0.575 0.01015625 0.015625