19 0.517578125 0.7197265625 0.5224609375 0.724609375 0.556640625 0.7236328125 0.6123046875 0.720703125 0.615234375 0.7138671875 0.61328125 0.6904296875 0.6103515625 0.6875 0.517578125 0.6904296875 0.517578125 0.7197265625
18 0.52421875 0.70625 0.0078125 0.025
23 0.5328125 0.709375 0.0078125 0.02421875
26 0.5421875 0.71015625 0.0078125 0.0234375
3 0.55078125 0.709375 0.00703125 0.02265625
0 0.559375 0.70859375 0.0078125 0.02109375
12 0.56875 0.70859375 0.0078125 0.02109375
2 0.57890625 0.70859375 0.00859375 0.021875
6 0.58671875 0.7078125 0.0078125 0.02421875
8 0.59609375 0.70703125 0.0078125 0.0203125
7 0.60390625 0.70703125 0.00703125 0.021875