19 0.357450115625 0.6107343859375 0.3699204625 0.5822948078125 0.3840437859375 0.533583421875 0.39349635312500003 0.515596125 0.3935949203125 0.5142942875000001 0.39321933124999997 0.5082023312499999 0.3917777890625 0.5066453390625 0.35860739218750004 0.5056793921875 0.313478565625 0.5059417328125 0.27354174531250003 0.5068718078125001 0.2680504125 0.5119692812500001 0.2687592640625 0.528174921875 0.256997771875 0.572820140625 0.248637559375 0.625550465625 0.2204226125 0.7356650984375 0.2190614171875 0.753643271875 0.29796774843749996 0.7559410796875 0.3133795078125 0.7528259890625 0.357450115625 0.6107343859375
18 0.33200001386005135 0.7426447700509067 0.05761507892507769 0.024092028007635945
23 0.3221545770001135 0.7237675007160886 0.07149556840173403 0.02113066000954511
26 0.3161698875093398 0.7057169347151342 0.07296706314006221 0.019586341343090473
0 0.31496370328023787 0.6861584127148159 0.06993306840173404 0.02111247867599957
7 0.31389402694364377 0.6642561407144978 0.07480257892507769 0.024292022676635838
36 0.3106171084995574 0.6399828467138615 0.07645608418674961 0.02587270401018138
11 0.3079394295321274 0.6188436433799979 0.07636507892507768 0.02431020401018138
1 0.30328202161138473 0.5914271680458161 0.07930806840173403 0.021221566677272107
0 0.3046471005364625 0.5679896680458161 0.07949007892507769 0.024346566677272106
5 0.29819967946154025 0.5444612613780888 0.07636507892507768 0.02431020401018138
0 0.2950592689099617 0.5178442173774525 0.07636507892507768 0.02431020401018138