19 0.4873046875 0.654296875 0.484375 0.6572265625 0.484375 0.7705078125 0.4873046875 0.7734375 0.498046875 0.7724609375 0.6865234375 0.7265625 0.7451171875 0.708984375 0.75 0.7041015625 0.75 0.5986328125 0.7392578125 0.595703125 0.4873046875 0.654296875
18 0.49921875 0.6953125 0.021875 0.0609375
23 0.5234375 0.71015625 0.02421875 0.07734375
26 0.54609375 0.70703125 0.01953125 0.0765625
0 0.57265625 0.6984375 0.02265625 0.071875
7 0.59609375 0.69140625 0.02109375 0.071875
12 0.6203125 0.68671875 0.02265625 0.071875
11 0.64609375 0.6828125 0.02109375 0.0765625
6 0.6703125 0.675 0.02421875 0.06796875
3 0.6921875 0.66875 0.021875 0.06953125
7 0.71484375 0.66328125 0.01953125 0.07109375
2 0.7375 0.65703125 0.02109375 0.06875