19 0.365234375 0.7490234375 0.3681640625 0.751953125 0.4150390625 0.748046875 0.6337890625 0.748046875 0.669921875 0.7548828125 0.67578125 0.7294921875 0.67578125 0.6884765625 0.6708984375 0.68359375 0.3701171875 0.68359375 0.3671875 0.6865234375 0.365234375 0.7490234375
18 0.384375 0.70859375 0.02578125 0.03671875
30 0.4046875 0.71484375 0.0265625 0.04609375
29 0.4328125 0.71640625 0.02265625 0.04140625
1 0.46015625 0.71640625 0.0203125 0.040625
7 0.4859375 0.71484375 0.02578125 0.04375
21 0.5265625 0.71484375 0.02578125 0.04609375
5 0.5703125 0.71640625 0.025 0.04296875
2 0.5984375 0.7171875 0.0234375 0.04375
7 0.62421875 0.715625 0.02421875 0.04453125
8 0.6515625 0.7171875 0.02421875 0.04140625