19 0.5246974718749999 0.7561055703124999 0.5990762625 0.713630503125 0.60177543125 0.710046684375 0.5950576437499999 0.66028980625 0.5906190296875 0.6588486203125 0.507804065625 0.7103972656249999 0.514475215625 0.7577196609375 0.5246974718749999 0.7561055703124999
18 0.5972940520999493 0.7147611185022352 0.015099210344286362 0.029932961850553143
23 0.5885638928441222 0.7185173640380084 0.015372028855940556 0.03774546185055314
26 0.5808059565464532 0.7168184963432568 0.018497028855940557 0.03780000892845372
0 0.5699503020999493 0.7142838315706044 0.01687996515360979 0.03621023538950343
7 0.5605753020999494 0.7141201903369023 0.016989092558271322 0.03933523538950325
36 0.5512821476534457 0.7116127991032003 0.018606156260602268 0.04092500892845372
16 0.5435514932069421 0.7091326814084485 0.015317465153609789 0.03618296185055314
9 0.5351214343139346 0.7042951769442217 0.013700401451278843 0.03459318831160267
9 0.5257464343139345 0.7041315357105196 0.015208337748947897 0.03305796185055314
1 0.5172618117185963 0.7008565312462928 0.016825401451278844 0.034647735389503255
8 0.5102578435697618 0.6999525503210163 0.015426592558271324 0.039307961850553144