19 0.4384765625 0.51953125 0.4228515625 0.515625 0.419921875 0.5185546875 0.4228515625 0.529296875 0.4267578125 0.529296875 0.42578125 0.5244140625 0.4287109375 0.5234375 0.4306640625 0.529296875 0.453125 0.5322265625 0.4521484375 0.54296875 0.4326171875 0.5390625 0.4091796875 0.52734375 0.3994140625 0.52734375 0.3330078125 0.498046875 0.3212890625 0.49609375 0.2724609375 0.47265625 0.265625 0.4736328125 0.265625 0.5556640625 0.267578125 0.5771484375 0.2724609375 0.583984375 0.4951171875 0.681640625 0.5048828125 0.685546875 0.513671875 0.6845703125 0.517578125 0.6669921875 0.515625 0.5576171875 0.5068359375 0.54296875 0.4677734375 0.529296875 0.4443359375 0.525390625 0.4384765625 0.51953125
18 0.27890625 0.51484375 0.01875 0.05859375
23 0.29609375 0.53671875 0.01953125 0.07890625
26 0.31484375 0.54375 0.0171875 0.0734375
0 0.33671875 0.55546875 0.01953125 0.07421875
7 0.35546875 0.56328125 0.01875 0.07578125
12 0.37734375 0.5734375 0.01953125 0.078125
21 0.4015625 0.58203125 0.0234375 0.08125
2 0.42265625 0.59375 0.02109375 0.0828125
3 0.44765625 0.60234375 0.02109375 0.07578125
5 0.47109375 0.60859375 0.02265625 0.08046875
4 0.496875 0.621875 0.02265625 0.0859375