19 0.6103515625 0.5078125 0.61328125 0.5634765625 0.62109375 0.5654296875 0.7587890625 0.548828125 0.76171875 0.5361328125 0.7578125 0.5009765625 0.7529296875 0.494140625 0.7490234375 0.494140625 0.6103515625 0.5078125
18 0.61953125 0.5265625 0.015625 0.03359375
23 0.63359375 0.53515625 0.01484375 0.03828125
26 0.6453125 0.53359375 0.0109375 0.03515625
0 0.66171875 0.5328125 0.01484375 0.0359375
4 0.67578125 0.53125 0.0140625 0.0375
12 0.6875 0.5296875 0.0109375 0.03359375
21 0.70078125 0.528125 0.0140625 0.034375
5 0.7140625 0.52578125 0.0125 0.034375
0 0.7265625 0.52578125 0.0125 0.03203125
8 0.7390625 0.52421875 0.0125 0.03203125
8 0.7515625 0.5234375 0.0125 0.0328125