19 0.2930308765625 0.6699133749999999 0.46270675156249996 0.676830653125 0.51380585 0.6132912296875 0.5637059734375 0.5700645171875001 0.5904025453124999 0.5371958703125 0.5813753625 0.5341816406250001 0.4728684796875 0.532769528125 0.3995024 0.590444971875 0.2930747546875 0.666140571875 0.2930308765625 0.6699133749999999
18 0.3980280422280905 0.5482896417122041 0.09429556927947207 0.024210315700310937
23 0.4131756691085523 0.5656059443289225 0.10675010517284952 0.02337585779368574
26 0.4316074203621936 0.5776355074689847 0.09411371285298138 0.017960315700310935
0 0.4429851895625235 0.5900367969315237 0.09563074874635884 0.016488820961982852
7 0.4590731908161647 0.601929852179078 0.0925966769596041 0.019431810438639018
12 0.47507026385656054 0.6169479074266324 0.08795464106622682 0.02072129465362362
14 0.4841270151102018 0.6284314389966635 0.09732964106622681 0.02126732622365459
9 0.496308766363843 0.6400969810900383 0.0879091769596041 0.019158794653623447
1 0.5124876958307296 0.6488650363375928 0.0879091769596041 0.019158794653623447
3 0.5200956073509275 0.656351312645952 0.07531824874635866 0.01530575256024882
5 0.5252688406578802 0.6668260810618035 0.08000574874635866 0.015578768345264393