19 0.6034515171875 0.7205504109375 0.6050396453125 0.720289715625 0.6116747671875 0.7177045703125 0.6145335734375 0.6529243 0.6145321 0.6348084078125 0.6063796828125 0.6247855703125 0.44070042656249997 0.5816730890625 0.4148295734375 0.572558984375 0.3956725671875 0.57570365 0.390576975 0.6284357015625 0.3949679875 0.6561254796875 0.6034515171875 0.7205504109375
18 0.60528072648271 0.6594159270027428 0.03691350180902227 0.05003854135632881
23 0.5828734599743666 0.6685533325032608 0.04077548620519007 0.06424659057054054
26 0.5650684842846261 0.6645914245215433 0.039294873360319824 0.06573631596343468
0 0.54278072648271 0.6565049427185083 0.0389673247398008 0.05948631596343468
7 0.5241535572154047 0.6532878974332382 0.03616987336031983 0.06559076674922296
12 0.5040048315256641 0.649216827540862 0.034279824739800804 0.05926799214211727
11 0.48624079941348847 0.6444736695591446 0.03748671189493056 0.060976041356328815
6 0.46543365445644264 0.6380224623632156 0.0374048247398008 0.059413541356328814
7 0.449232122344267 0.6333520789886041 0.032799211894930555 0.060757717535011226
6 0.4252590338096563 0.6275365725784633 0.03576043758467105 0.05777826674922295
0 0.40605533243017533 0.6203768899896401 0.03724105042954129 0.05628854135632899