19 0.8712665453125 0.6725362687499999 0.882995996875 0.382816228125 0.881605871875 0.372980428125 0.8759601359375001 0.36887176718750003 0.856435465625 0.374075890625 0.80241213125 0.37888136875 0.7964542765625 0.3868993671875 0.78217681875 0.6385185953125 0.791140615625 0.6890169828125 0.8292109984374999 0.6846242140625 0.8692646515625 0.676408759375 0.8712665453125 0.6725362687499999
18 0.8305108570791191 0.3916589696022229 0.05509029172311415 0.038736498100139016
23 0.8393159690194782 0.41767660894489655 0.0646290660333733 0.042079703647222286
26 0.8387460809598373 0.4434760427404868 0.06290279172311415 0.03891833605604163
0 0.836368031434807 0.4739266089448965 0.06125840456798457 0.03731946846486114
7 0.8372378126424715 0.5021061603316674 0.06125840456798422 0.03731946846486132
12 0.8357638438501361 0.5302311603316674 0.05805151741285428 0.03568423328249999
16 0.8359342622129302 0.556830027922848 0.058051517412854636 0.03568423328249999
6 0.8360227934205948 0.5849913955140285 0.057969630257724704 0.03412173328249999
4 0.8353300746282593 0.6131345793096188 0.059614017412854284 0.035720600873680654
8 0.8348830173013129 0.636590263105209 0.056489017412854635 0.0356478656913195
6 0.8334499920865422 0.663934013105209 0.05961401741285464 0.035720600873680654