19 0.376953125 0.6962890625 0.376953125 0.6748046875 0.3740234375 0.671875 0.2744140625 0.671875 0.271484375 0.6748046875 0.2724609375 0.697265625 0.376953125 0.6962890625
18 0.27734375 0.68359375 0.00859375 0.0171875
23 0.28671875 0.6859375 0.00859375 0.02109375
26 0.2953125 0.6859375 0.0078125 0.01796875
3 0.3046875 0.68671875 0.0078125 0.0171875
0 0.3140625 0.6859375 0.01015625 0.0171875
12 0.32578125 0.68515625 0.009375 0.0171875
2 0.3375 0.6859375 0.0078125 0.01875
6 0.346875 0.6859375 0.009375 0.01796875
8 0.35703125 0.6859375 0.00859375 0.01875
7 0.36640625 0.68515625 0.00859375 0.01796875