19 0.7265625 0.3955078125 0.720703125 0.3916015625 0.73046875 0.3876953125 0.7294921875 0.375 0.7197265625 0.375 0.7021484375 0.388671875 0.6943359375 0.390625 0.5 0.5263671875 0.494140625 0.6298828125 0.4970703125 0.634765625 0.501953125 0.6337890625 0.6474609375 0.5234375 0.71875 0.4638671875 0.7265625 0.4130859375 0.7265625 0.4033203125 0.720703125 0.4013671875 0.7265625 0.3955078125
18 0.5125 0.5609375 0.0265625 0.0546875
26 0.53671875 0.5609375 0.02265625 0.0765625
26 0.56015625 0.5453125 0.02109375 0.0765625
3 0.58125 0.528125 0.0234375 0.06796875
0 0.60390625 0.51015625 0.0234375 0.06796875
12 0.63359375 0.4890625 0.0234375 0.06953125
7 0.66171875 0.46875 0.02109375 0.0765625
9 0.6796875 0.45078125 0.0203125 0.065625
0 0.6984375 0.43515625 0.021875 0.0671875
1 0.71796875 0.421875 0.015625 0.06484375