19 0.41842478281249995 0.44465006249999994 0.4109027546875 0.506131084375 0.4464828734375 0.5105227828125 0.45459512812499997 0.51134773125 0.618011421875 0.5285174234375 0.6213859015625001 0.5259329593750001 0.63032356875 0.46701655000000003 0.6263215265625 0.46168119531249996 0.54374665625 0.45491657031250005 0.5416688390625 0.45507346249999997 0.53378858125 0.45410079375 0.41842478281249995 0.44465006249999994
18 0.6146799926587878 0.4931979497522946 0.02965278366526398 0.04391362646343318
23 0.5942038015517953 0.4980036244203296 0.023511911069925517 0.04700226502711473
17 0.5740277108076224 0.4942155490883646 0.023511911069925694 0.04700226502711473
4 0.556031678956457 0.4951013382177803 0.02189484736759475 0.045430674668035034
3 0.5373362426587878 0.4936479225267357 0.021785719962933214 0.04230567466803503
12 0.5164607474681112 0.4875206423743105 0.02033234736759475 0.045421584308955334
12 0.4961755293192766 0.4868575670423455 0.02345734736759475 0.045439765027114734
1 0.47750737487277295 0.48462290135130104 0.02033234736759475 0.045421584308955334
7 0.4610738430216076 0.4854996001216369 0.023621038474587408 0.05012726502711473
4 0.4416790022774347 0.4817069796101322 0.021785719962933214 0.04230567466803503
5 0.4229835659797655 0.4802535639190876 0.021949411069925696 0.04699317466803503