19 0.582029353125 0.5721268484375 0.45860646093749996 0.6110832687500001 0.4581844828125 0.6116809734374999 0.4643111125 0.6489199140624999 0.48950717031249996 0.6446325515625 0.60245815625 0.609841053125 0.60633344375 0.6017884875 0.5992086078125001 0.5734282796875 0.595218259375 0.5688264609375 0.582029353125 0.5721268484375
18 0.5945990492520947 0.6019372882456528 0.015915901336727246 0.025090903590796288
23 0.5828075739179128 0.6081191105525556 0.01756930800445442 0.03291249394987581
26 0.5695172332511401 0.6088230925003789 0.019131808004454243 0.03292158430895533
0 0.5554547332511401 0.6087412792686624 0.017532945337363513 0.029787493949875808
7 0.5436996205840492 0.6117981015755652 0.014444308004454242 0.032894313231716585
36 0.5288831425843674 0.6093679931643089 0.017532945337363513 0.029787493949875808
15 0.5148115519175948 0.6100674299325923 0.017532945337363513 0.029787493949875808
0 0.5015303019175947 0.6099901618804155 0.015952264003817974 0.028215903590796287
2 0.4874314392505038 0.613033348648699 0.015970445337363515 0.02977840359079629
0 0.4757308705840493 0.6114026709556019 0.014389764003817973 0.02820681323171641
6 0.4639939392505038 0.6128969932625047 0.015970445337363515 0.02977840359079629