19 0.28735820156249997 0.49419719375 0.28714610937499996 0.4943251484375 0.2831956953125 0.53483591875 0.2830750296875 0.609906725 0.2838182953125 0.624122725 0.2891454359375 0.6292885140625 0.3397623328125 0.6301749734375 0.342640075 0.627181875 0.3424458203125 0.52674308125 0.34210142656250003 0.5075211765625001 0.3414841125 0.4968921125 0.33997145 0.4954252671875 0.28735820156249997 0.49419719375
18 0.3179259564001047 0.6200442733951746 0.023692073138263936 0.01230257892507769
23 0.3122026332618407 0.6087882549793232 0.03157730832062509 0.01588260523343692
26 0.3119298763279866 0.5970695049793232 0.029978440729444424 0.01422909997176518
0 0.31169348698531296 0.5869132549793232 0.03313980832062509 0.015973610495108835
9 0.3106576638470491 0.5759302523484873 0.031504573138263936 0.012757605233436919
33 0.3127286569131949 0.564348010240995 0.031577308320625 0.01588260523343692
17 0.3132007823881602 0.551112262871831 0.031577308320625 0.01588260523343692
4 0.313709275454306 0.5394390155026668 0.03310344072944442 0.014411110495108837
0 0.3111109523160421 0.528365007610159 0.03310344072944442 0.014411110495108658
9 0.3131819453821879 0.5167827655026669 0.034702308320625 0.016064615756780753
4 0.31289100465274344 0.5042827655026668 0.03306707313826394 0.012848610495108836