19 0.5654296875 0.705078125 0.4931640625 0.705078125 0.4560546875 0.701171875 0.44140625 0.7041015625 0.44140625 0.7568359375 0.4462890625 0.763671875 0.5009765625 0.767578125 0.552734375 0.7666015625 0.6533203125 0.76171875 0.658203125 0.7548828125 0.66015625 0.7392578125 0.66015625 0.7021484375 0.6474609375 0.69921875 0.5654296875 0.705078125
18 0.453125 0.72734375 0.0203125 0.0375
26 0.471875 0.73515625 0.01640625 0.0421875
11 0.49140625 0.7359375 0.0203125 0.0390625
1 0.5125 0.7390625 0.015625 0.0453125
1 0.5328125 0.7375 0.01796875 0.0390625
12 0.55 0.7375 0.01953125 0.0421875
36 0.56796875 0.7359375 0.0203125 0.04296875
2 0.5875 0.734375 0.01796875 0.04375
9 0.60703125 0.73359375 0.01640625 0.04140625
5 0.628125 0.7328125 0.0171875 0.0421875
4 0.64609375 0.73203125 0.01875 0.03828125