19 0.4462542359375 0.662047053125 0.4436325421875 0.6650974546875 0.4485390390625 0.7117225515625 0.45194151250000003 0.7131807343750001 0.4534413625 0.7130846796875 0.529818809375 0.6746942781249999 0.5274503796875 0.6295295140625 0.5230247718750001 0.6272371734375 0.4462542359375 0.662047053125
18 0.44921875 0.6830541166056847 0.0109375 0.02668976933481808
23 0.4578125 0.6845166192711847 0.009375 0.03135908800127254
26 0.46328125 0.6813279846037756 0.0125 0.03452045066836362
0 0.4734375 0.6773035559357302 0.0109375 0.03137726933481808
7 0.48203125 0.6756410586012302 0.009375 0.037609088001272536
36 0.48984375 0.670862651933503 0.0125 0.036082950668363624
16 0.496875 0.6676558359325485 0.0078125 0.032903406667727356
9 0.503125 0.6605518605983668 0.009375 0.03292158800127272
9 0.51171875 0.6588893632638668 0.0109375 0.02981476933481808
1 0.51953125 0.6548922065961396 0.0109375 0.032939769334818084
8 0.52578125 0.6516944812619578 0.0078125 0.032903406667727175