19 0.2626953125 0.521484375 0.1748046875 0.474609375 0.1689453125 0.47265625 0.166015625 0.4755859375 0.177734375 0.5361328125 0.1845703125 0.552734375 0.3056640625 0.625 0.3232421875 0.634765625 0.33203125 0.6357421875 0.333984375 0.6279296875 0.328125 0.6005859375 0.326171875 0.5654296875 0.322265625 0.5498046875 0.3173828125 0.544921875 0.2626953125 0.521484375
18 0.1796875 0.5078125 0.015625 0.04140625
31 0.19140625 0.521875 0.01796875 0.059375
26 0.20078125 0.52890625 0.0140625 0.05859375
8 0.215625 0.53671875 0.01640625 0.05546875
5 0.228125 0.54140625 0.01875 0.06015625
11 0.24140625 0.54921875 0.01953125 0.0578125
34 0.25546875 0.5578125 0.01875 0.0640625
1 0.26875 0.5671875 0.015625 0.059375
6 0.28359375 0.57265625 0.01953125 0.0578125
1 0.30078125 0.58203125 0.0140625 0.0609375
1 0.31640625 0.5890625 0.0171875 0.06328125