19 0.4150390625 0.74609375 0.576171875 0.7451171875 0.578125 0.6982421875 0.5732421875 0.6953125 0.4169921875 0.6953125 0.412109375 0.7001953125 0.412109375 0.7431640625 0.4150390625 0.74609375
18 0.42109375 0.715625 0.01484375 0.03046875
26 0.43671875 0.72109375 0.01171875 0.0328125
11 0.45234375 0.721875 0.0125 0.03203125
0 0.4734375 0.721875 0.0140625 0.0296875
3 0.4890625 0.72109375 0.0125 0.03359375
32 0.50234375 0.72109375 0.0109375 0.034375
0 0.5234375 0.72109375 0.0140625 0.03125
3 0.5390625 0.72109375 0.01328125 0.0328125
6 0.55234375 0.721875 0.0109375 0.03359375
3 0.56875 0.72265625 0.0125 0.0328125