19 0.80067715 0.4259587171875 0.8234683734375 0.4237203359375 0.8271845265625 0.4178696640625 0.8278553359374999 0.414380265625 0.832463859375 0.27023858125 0.7719393328125 0.2648977671875 0.759295146875 0.2682321109375 0.7584006734375001 0.27116345625 0.7565205859375 0.2831361015625 0.7549234140625 0.421106715625 0.756874128125 0.42364902656250003 0.80067715 0.4259587171875
18 0.787852141747814 0.2752429481089327 0.033358137023308386 0.016770837748947987
23 0.7952826958314979 0.2859076295972784 0.04278770072563951 0.018660719962933125
26 0.7963541225105203 0.29991556589494756 0.04591270072563951 0.01876984736759484
0 0.7958903310407079 0.3131968158949475 0.04273313702330857 0.017098219962933127
7 0.7953992577197303 0.32725931589494756 0.04278770072563951 0.018660719962933125
12 0.7949354662499181 0.3405405658949475 0.04752976442797028 0.020386911069925694
20 0.7944171110777749 0.35538431589494757 0.04435020072563951 0.018715283665263982
9 0.7970237559056317 0.3701189384902858 0.04909226442797028 0.02044147477225655
1 0.7949156188823232 0.3857985021926167 0.04903770072563933 0.01887897477225655
3 0.7943972637101802 0.4006422521926167 0.049146828130301044 0.022003974772256463
8 0.7946328766868715 0.4162399703414513 0.04435020072563951 0.018715283665263982