19 0.4177187625 0.21640432031249998 0.39353133281249997 0.21640432031249998 0.3889847875 0.21921954062500001 0.35899898750000003 0.3645888921875 0.362899084375 0.4065707703125 0.4303075140625 0.42450614218749994 0.43407276093749997 0.42465973124999995 0.44608767499999996 0.42234303124999995 0.48725306249999994 0.2772049453125 0.49604885625 0.2430184953125 0.49452746249999996 0.235399665625 0.4177187625 0.21640432031249998
18 0.46012571098814564 0.2338216378324983 0.05258117193911023 0.027702276119281777
23 0.448166880455798 0.24644779059146024 0.06052100593149916 0.031236711894930557
26 0.4472092169196447 0.2612096534363305 0.055706171939110226 0.027866050429541288
0 0.4416277203796858 0.2772883548158115 0.05726867193911041 0.027947937584671047
7 0.4407655573378241 0.29439396766068177 0.06052100593149916 0.031236711894930557
36 0.43443464429596246 0.3112129754625979 0.062083505931498986 0.03131859905006031
17 0.43044748125410076 0.32815481399720864 0.062019838935304605 0.029756099050060315
1 0.42740073570272497 0.3490438461093842 0.06013900395433271 0.02186171189493056
1 0.42503973965705766 0.3676300717991247 0.06007533695813834 0.020299211894930558
8 0.42023949311709885 0.38374971675617064 0.061956171939110224 0.028193599050060313
9 0.41634783056952873 0.4030353052907814 0.06345500494291585 0.02671298620519007