19 0.623518065625 0.5935481890625 0.5907501734375 0.6712108421874999 0.563232153125 0.721277653125 0.5614217828125 0.7262899640625 0.5695853750000001 0.7345584328125 0.6551432796875 0.7597496203125 0.690689196875 0.7630696640625 0.6971738125 0.7632570328125 0.700876021875 0.75931731875 0.827455059375 0.5130270171875 0.83394479375 0.4475899515625 0.726464178125 0.4331950671875 0.7205391515625 0.4377261296875 0.649851078125 0.544387590625 0.623518065625 0.5935481890625
18 0.7149468172342772 0.733896336253863 0.05986589600572696 0.042532933645025396
23 0.723876921904868 0.7050400832288009 0.06922271467218159 0.04102497579950324
26 0.7195075952419133 0.6776690621515621 0.07539998933799978 0.03481133723582168
0 0.707380312579595 0.6455650892789251 0.07383748933799979 0.03480224687674216
7 0.7037922359166402 0.6181986133812261 0.08008748933799978 0.034838608313060605
12 0.6947444999204582 0.5900190712267485 0.06600680800445424 0.03319429508134384
15 0.6864689232575035 0.5626253242518104 0.07856135200509069 0.0379545179539809
3 0.6790018685948669 0.5328923724564124 0.07071248933799978 0.03478406615858276
8 0.6715257232654577 0.5039406706610142 0.06755112667090887 0.03164088544042372
2 0.6679558279360485 0.4750116947633153 0.06758748933799978 0.03476588544042354
3 0.6596711606063209 0.44839919778837733 0.06442612667090888 0.03162270472226432