19 0.7080078125 0.673828125 0.5947265625 0.6953125 0.595703125 0.7373046875 0.60546875 0.7392578125 0.6943359375 0.720703125 0.7470703125 0.705078125 0.75 0.7021484375 0.748046875 0.6650390625 0.7431640625 0.662109375 0.7080078125 0.673828125
18 0.6015625 0.71328125 0.02265625 0.02734375
23 0.62109375 0.715625 0.01640625 0.0328125
26 0.63515625 0.71171875 0.01328125 0.0328125
0 0.64765625 0.70625 0.01328125 0.03359375
7 0.6625 0.70625 0.0109375 0.0328125
12 0.67734375 0.7 0.0125 0.0328125
16 0.6921875 0.69921875 0.01328125 0.02890625
9 0.7046875 0.69453125 0.0125 0.028125
4 0.7171875 0.690625 0.0078125 0.02421875
1 0.72890625 0.6875 0.0109375 0.0265625
7 0.74140625 0.6859375 0.01015625 0.03359375