19 0.4921875 0.6162109375 0.49609375 0.6298828125 0.501953125 0.6298828125 0.6181640625 0.568359375 0.626953125 0.5595703125 0.6201171875 0.509765625 0.6142578125 0.509765625 0.4921875 0.5732421875 0.4921875 0.6162109375
18 0.503125 0.5921875 0.0171875 0.03125
23 0.51484375 0.59375 0.01328125 0.04140625
26 0.52578125 0.5890625 0.01171875 0.03828125
0 0.53828125 0.5828125 0.01484375 0.0375
7 0.55078125 0.5734375 0.0109375 0.0359375
12 0.56171875 0.5671875 0.0125 0.0328125
11 0.575 0.5640625 0.0109375 0.0375
3 0.58515625 0.55703125 0.0125 0.03359375
6 0.59609375 0.55 0.01328125 0.0328125
3 0.60859375 0.5453125 0.0109375 0.0328125
2 0.61875 0.5390625 0.01015625 0.034375