19 0.488947615625 0.49599105468750004 0.4888439796875 0.56115415 0.49265292968749996 0.5766264765625 0.494854365625 0.5775235265625 0.4991413140625 0.5776731078124999 0.49931357812500005 0.5727467875000001 0.5049272671875 0.5677078375 0.6898820156250001 0.56541370625 0.6976654015625 0.5605262265625 0.6989872921875 0.522723490625 0.6992884015625 0.496867159375 0.692610015625 0.48739975781249995 0.6882706234375 0.4870968109375 0.49471285781249996 0.4866179921875 0.488947615625 0.49599105468750004
18 0.506024062023438 0.52734375 0.024855836056041625 0.0609375
23 0.5287166796146184 0.52890625 0.02176720364722229 0.0625
26 0.5473757606366672 0.525 0.018569468464861315 0.059375
0 0.5629825768410768 0.52421875 0.018533100873680652 0.0578125
7 0.5794070106366671 0.525 0.017006968464861317 0.059375
12 0.6028263268410768 0.52421875 0.021694468464861137 0.059375
15 0.6192143930454865 0.5234375 0.02165810087368065 0.0578125
5 0.6441962092498963 0.52265625 0.018569468464861138 0.059375
9 0.6582587092498964 0.52265625 0.015371733282499989 0.05625
0 0.6739018930454865 0.5234375 0.018533100873680652 0.0578125
5 0.688709275454306 0.521875 0.021694468464861137 0.059375