19 0.291858621875 0.6200023390625 0.2964925015625 0.601174959375 0.2991964875 0.535239790625 0.299123875 0.53476615 0.295592303125 0.532233990625 0.289622034375 0.5353365718750001 0.202929315625 0.6005392984375 0.1480546078125 0.6350268015625 0.14360925468750002 0.6410685828125 0.141960509375 0.6583446703125 0.14558705156250001 0.6960155968749999 0.14455924375 0.7128327375 0.1478069078125 0.7317757874999999 0.1590090046875 0.7294101140625 0.173665815625 0.7179940609375 0.291858621875 0.6200023390625
18 0.13981231341499623 0.5946020918139711 0.023982940006363317 0.04810330732694616
31 0.15481060475013253 0.6071054138402385 0.028888616008908664 0.06709896879233561
26 0.16659298941754158 0.6119600101767653 0.02418293467536321 0.06529080732694634
8 0.18229071475172337 0.6173911386254678 0.02883407200827235 0.06241146879233561
5 0.19717082741881425 0.6197382106517351 0.03204997867599957 0.07038774310259513
11 0.21286855275299602 0.6251693391004377 0.03201361600890866 0.06726274310259513
34 0.22856627808717783 0.6306004675491401 0.03206816000954502 0.07195024310259512
1 0.24584468475490504 0.6375122088427128 0.027326116008908663 0.06701708163720568
6 0.26229638808876865 0.6405586437138504 0.030451116008908662 0.06718085594746519
1 0.2819094540897232 0.6465663042747286 0.025781797342454206 0.0684976944820761
1 0.29993274809035947 0.6503121019907365 0.03050566000954502 0.07186835594746518