19 0.49270320468750006 0.7888009703125001 0.5061903437499999 0.790345021875 0.6180723343750001 0.7784309796875 0.622204390625 0.7745998359375 0.6224184640625 0.773771778125 0.6336686359375 0.720819921875 0.62901484375 0.718110303125 0.5102813375 0.7233314015625 0.5065972359375001 0.725241959375 0.49270320468750006 0.7888009703125001
18 0.6161354800029157 0.7504779505865115 0.02214771077238851 0.048021420171816584
23 0.605188889643836 0.7514672405006032 0.025318162567786472 0.0559976944820761
26 0.5942150282075176 0.757144030414695 0.020657933645025394 0.060439533016686656
0 0.5856530944642963 0.7512249010614813 0.020594301131468207 0.04950203301668665
7 0.5746928685665973 0.754557940975573 0.022138620413308985 0.04645892017181659
12 0.5621883233870573 0.7546840937345352 0.02530907220870695 0.0544351944820761
14 0.5504377571302788 0.7595386900710619 0.022156801131468208 0.049583920171816585
9 0.5387235523098186 0.7581432864075888 0.022174981849627427 0.05270892017181659
1 0.5277815071302787 0.7583513263216805 0.02055793969514976 0.043252033016686654
3 0.5183974167711991 0.7594225033909019 0.018995439695149587 0.043170145861557076
5 0.5097854860530399 0.7620971240376884 0.025272710772388508 0.0481851944820761