19 0.3285320453125 0.5971956375 0.32858866875000003 0.600442903125 0.355117540625 0.60145424375 0.358088171875 0.6014888453125 0.36012453125 0.5955928140625 0.36078783593749997 0.565651590625 0.359655846875 0.500734009375 0.3331660265625 0.49972415937500003 0.33133318125 0.49971348125 0.32901286875 0.5558667749999999 0.3285320453125 0.5971956375
18 0.3453775405883742 0.5946812231165826 0.018913641233702094 0.010248295285270359
23 0.34240254505260104 0.5859419239023709 0.022038641233702094 0.010393844499482085
26 0.34412868628630316 0.5766396985094767 0.022038641233702094 0.010393844499482085
0 0.34193494075053 0.567936786598818 0.022011367694751628 0.008831344499482086
7 0.3405224452147569 0.5592702619917121 0.025136367694751627 0.008976893713693812
12 0.3406860864484589 0.5498952619917121 0.023628414772652383 0.012029119106587771
21 0.34241222768216095 0.540593036598818 0.023628414772652383 0.012029119106587771
9 0.3425622321463878 0.531999286598818 0.020448867694751627 0.008758569892376045
6 0.3419309866106147 0.523369149295265 0.020476141233702096 0.010321069892376045
7 0.34364349107484154 0.5148481739023708 0.020448867694751717 0.008758569892376045
5 0.3422446323085436 0.5054003992952649 0.022011367694751628 0.008831344499482086