19 0.6961342203124999 0.5053948421875 0.5391226171875 0.4725379046875 0.5387311359375 0.4750978265625 0.5240619796875 0.702955153125 0.692270415625 0.73251761875 0.6974062109375 0.6930800671874999 0.693420228125 0.6565470765625 0.710295234375 0.5139695859375 0.6961342203124999 0.5053948421875
18 0.6046563966025029 0.4939633757601992 0.08319430800445424 0.035704376223535304
23 0.6239331079328667 0.5165204220393349 0.10973862667090888 0.035069459163159955
26 0.623696750596776 0.5368329220393349 0.10663180800445424 0.03652283175849824
0 0.6234422119271398 0.558707922039335 0.10977498933799978 0.03819445916315996
7 0.6216524452578216 0.578184608337004 0.10817612667090888 0.03501489546082901
12 0.6206075659214128 0.6008135764858386 0.10348862667090888 0.03485120435383635
22 0.6203530272517765 0.6226885764858385 0.11135567067154532 0.0398115228654909
2 0.6177638292489129 0.6437004809323423 0.10815794533736352 0.03345239546082901
2 0.6175092905792768 0.6655754809323423 0.10823067067154532 0.03970239546082901
7 0.613366683243186 0.6857515716765151 0.10975680800445424 0.036631959163159776
7 0.6115496445735497 0.7075720079741844 0.10975680800445424 0.036631959163159776