19 0.6865234375 0.8046875 0.6650390625 0.8046875 0.6162109375 0.80859375 0.4248046875 0.80859375 0.3037109375 0.802734375 0.2802734375 0.798828125 0.2705078125 0.80078125 0.267578125 0.8056640625 0.26953125 0.8271484375 0.283203125 0.8818359375 0.2939453125 0.89453125 0.4541015625 0.90234375 0.578125 0.9013671875 0.6650390625 0.8984375 0.671875 0.8896484375 0.681640625 0.8583984375 0.69140625 0.8154296875 0.689453125 0.8076171875 0.6865234375 0.8046875
18 0.303125 0.85390625 0.0546875 0.06953125
23 0.34765625 0.86328125 0.034375 0.05390625
17 0.3796875 0.8640625 0.0265625 0.06015625
1 0.40703125 0.8625 0.02109375 0.04765625
2 0.43046875 0.86484375 0.0265625 0.0484375
23 0.4640625 0.8640625 0.03203125 0.04765625
11 0.49296875 0.8625 0.02578125 0.04140625
0 0.52421875 0.86640625 0.0265625 0.04765625
9 0.55390625 0.8640625 0.02890625 0.04609375
5 0.5859375 0.865625 0.02890625 0.0484375
5 0.61640625 0.8625 0.028125 0.05