19 0.4886521078125 0.32194711875 0.489126315625 0.326217040625 0.497235690625 0.3312044203125 0.522115671875 0.3327747578125 0.5465966718749999 0.3307772046875 0.5499705234375 0.32982175625 0.551438703125 0.1854019703125 0.55030185625 0.17516545625 0.5484132859375 0.1700171609375 0.49495284531249994 0.16971124843750002 0.48685594062500004 0.170088290625 0.4886521078125 0.32194711875
18 0.5245652254067197 0.32204334392904876 0.03918067466803503 0.020767033338636054
23 0.5322913669954634 0.30710868726132146 0.045421584308955334 0.019277258672817866
26 0.5298703489432866 0.29385470926163965 0.04070681323171641 0.014535214672181596
0 0.528203309813871 0.2759041405951851 0.04073408430895533 0.019222714672181597
4 0.5249919514026147 0.261096753262276 0.04384999394987581 0.0176965773392725
12 0.521785138170898 0.24707061592936688 0.03758181323171659 0.01449885200509069
21 0.5193641201187214 0.23381663792968505 0.03917158430895533 0.019204533338636143
5 0.5161573068870048 0.2197905005967759 0.04072499394987581 0.017660214672181596
0 0.5145129936552882 0.20574618193032138 0.03759999394987581 0.01762385200509069
8 0.5120874304235716 0.19171095393063955 0.03759999394987581 0.01762385200509069
8 0.5104476623713949 0.178447885264185 0.03917158430895533 0.019204533338636143