19 0.703125 0.6767578125 0.70703125 0.4912109375 0.7021484375 0.478515625 0.654296875 0.5302734375 0.630859375 0.5654296875 0.60546875 0.5927734375 0.515625 0.7080078125 0.513671875 0.9365234375 0.517578125 0.9365234375 0.537109375 0.9111328125 0.55859375 0.8740234375 0.568359375 0.8642578125 0.5703125 0.8564453125 0.6015625 0.8095703125 0.703125 0.6767578125
18 0.52734375 0.78671875 0.01640625 0.1140625
23 0.5421875 0.796875 0.01328125 0.16015625
26 0.5609375 0.7734375 0.0140625 0.15390625
0 0.57890625 0.74375 0.01328125 0.14140625
7 0.59609375 0.71796875 0.0140625 0.1515625
12 0.6125 0.696875 0.0140625 0.13359375
6 0.6296875 0.6765625 0.01640625 0.13203125
2 0.64765625 0.653125 0.01640625 0.1328125
2 0.66328125 0.63203125 0.0171875 0.1328125
7 0.6796875 0.60546875 0.0140625 0.13515625
7 0.69765625 0.58828125 0.01640625 0.13671875