19 0.40150350625 0.37903202343750003 0.4231462 0.38182186875 0.4233852984375 0.38069421718749996 0.4305547859375 0.339950609375 0.369162875 0.32983991874999996 0.3468208734375 0.3266714671875 0.337489471875 0.365524521875 0.40150350625 0.37903202343750003
18 0.34609375 0.347535334619684 0.0125 0.03295795066836353
23 0.353125 0.3521410186187295 0.015625 0.03924431333545444
26 0.36328125 0.3504603399506841 0.0140625 0.03766363200190899
0 0.37109375 0.3542756832829569 0.015625 0.03611931333545444
7 0.3796875 0.3518319359484569 0.0140625 0.032976132001908985
36 0.38671875 0.3533126199475024 0.015625 0.03611931333545444
11 0.39375 0.35479330394654796 0.0125 0.029832950668363622
4 0.40234375 0.35938080661204796 0.0140625 0.039226132001908984
3 0.4109375 0.35771830927754805 0.0140625 0.03610113200190899
3 0.41796875 0.35607399327659356 0.0140625 0.031413632001908984
4 0.425 0.358335927275639 0.015625 0.03299431333545444