19 0.463757496875 0.164896646875 0.4608971015625 0.16821068749999998 0.45122636250000003 0.3027191765625 0.4519855890625 0.3189968234375 0.45490030781249996 0.3214887609375 0.49544102187499994 0.31822907031250003 0.49620759999999997 0.318148671875 0.5078284984375 0.187307484375 0.506500734375 0.1666323109375 0.5042153390624999 0.16467841249999998 0.481992196875 0.1629842 0.463757496875 0.164896646875
18 0.482769783378407 0.30693283695273105 0.026798857336090796 0.021704581637205768
31 0.4787089920432708 0.29385630484055547 0.03303067600254543 0.020469630257724792
26 0.4785453600413618 0.27979380484055544 0.02986931333545435 0.01718085594746537
8 0.4806982060391346 0.26326472410786084 0.028324994668999893 0.018661468792335524
5 0.4813158240372256 0.24916128053029593 0.028324994668999893 0.018661468792335524
11 0.4811521920353165 0.23509878053029593 0.028288632001909165 0.015536468792335523
34 0.48255106003340753 0.22095439337516617 0.02988749466899989 0.01874335594746528
1 0.48316867803149854 0.2068509497976013 0.02981476933481808 0.01249335594746528
6 0.4845766366963623 0.19348781264247156 0.03139545066836362 0.014137743102595034
1 0.4836499360279987 0.18102875622003642 0.028270450668363624 0.013973968792335523
1 0.4850669853596351 0.16844686906490666 0.029832950668363622 0.014055855947465279