19 0.5648993265625 0.4146782640625 0.5772190234375 0.506033778125 0.5788310734375 0.5166876859375 0.5815674984375 0.5188406062500001 0.5880406234375 0.5181552375 0.6006041328125 0.5153725984374999 0.5851226609375 0.413056784375 0.5753998109375 0.41356648125 0.5648993265625 0.4146782640625
18 0.5742990005891752 0.4192788602428784 0.015679542154477664 0.010193871551297562
23 0.5773830939733169 0.42647388455313795 0.018813632513557367 0.011920145861557074
26 0.5773285518188392 0.43584888455313797 0.017251132513557366 0.011838258706427318
0 0.5803899193052818 0.44695015886339745 0.018813632513557367 0.011920145861557074
7 0.580339922330344 0.45554390886339746 0.017251132513557366 0.011838258706427318
36 0.5834149253554062 0.46430143317365696 0.01726022287263689 0.013400758706427141
15 0.5849137928418487 0.47532082032878675 0.017251132513557366 0.01183825870642714
0 0.5864262958669109 0.4839964574839165 0.01726022287263689 0.013400758706427141
2 0.5871575488919729 0.49263115106148125 0.017251132513557366 0.01183825870642714
0 0.5894422115579554 0.502910231794176 0.017251132513557366 0.01183825870642714
6 0.5901689194034777 0.5123261753717407 0.018822722872636886 0.013482645861557074