19 0.6465170812500001 0.3592337046875 0.649734075 0.3611895234375 0.7071610203125 0.35985479531250003 0.717263175 0.3581790875 0.7185890515625 0.34657831093749997 0.663607225 0.1694028046875 0.6499588671875001 0.1662389578125 0.5928119796875 0.17256665468750002 0.5874605296875 0.175730503125 0.5883440453125 0.1831128140625 0.6465170812500001 0.3592337046875
18 0.6720742373368438 0.3470895587603139 0.03856453301668665 0.02074885200509069
23 0.6761818831984009 0.3283759214274048 0.05262703301668683 0.020912484006999677
26 0.6730945047496985 0.31270546809354116 0.05254514586155708 0.019349984006999676
0 0.6662646506112554 0.2938645614258139 0.05246325870642732 0.017787484006999678
7 0.6593119657401179 0.2773674047580867 0.05402575870642714 0.01780566534054513
12 0.6540446116016748 0.2585446794239049 0.049420145861557074 0.01931362133990877
13 0.6501759831529723 0.24286513542326857 0.051064533016686654 0.020894302673454223
7 0.6439636047042698 0.22715831942231407 0.05246325870642732 0.017787484006999678
8 0.6393956134106972 0.20990718475490505 0.04933825870642714 0.01775112133990877
8 0.6332241785395596 0.19341911875395054 0.04769387155129756 0.016170440006363317
1 0.6285333565132921 0.17851173408654147 0.05229948439616763 0.014662484006999677