19 0.5055778359375 0.48329978906250004 0.5221486265624999 0.48077654687500004 0.527794725 0.475358059375 0.526489828125 0.3062761546875 0.5230990390625 0.27818875625 0.5162054828125 0.2749250328125 0.48020493125 0.275748134375 0.45931941875 0.2786806046875 0.45731547343749995 0.278985746875 0.45470879843749995 0.282501690625 0.45940934999999994 0.37916914375 0.4578726875 0.47671234531250006 0.46421896875 0.4832266328125 0.5055778359375 0.48329978906250004
18 0.48353128470624307 0.4701586439954172 0.03349446159934022 0.024201219414791808
23 0.491866621932404 0.45237173195131986 0.04291492570596276 0.02598192496187508
26 0.4915400129986308 0.4367285481557296 0.04447742570596276 0.026018292553055565
0 0.49208558227810284 0.4179785481557296 0.04443196159934004 0.024455792553055567
7 0.49184990155757513 0.3992103643601393 0.04286946159934022 0.02441942496187508
12 0.49235000673042456 0.38202286436013927 0.0412614974927175 0.022820557370694418
11 0.4912876119032741 0.36479899676895877 0.04286946159934022 0.02441942496187508
6 0.4918559132360576 0.34526774676895877 0.0428239974927175 0.02285692496187508
0 0.4923787504622184 0.3272989967689588 0.042914925705962934 0.02598192496187508
3 0.49214306974169053 0.3085308129733685 0.04282399749271768 0.02285692496187508
8 0.49266590696785145 0.29056206297336845 0.04443196159934022 0.024455792553055567