19 0.0538521140625 0.5261093796874999 0.1867518703125 0.6194432609375 0.2936409765625 0.7025651421875 0.307244940625 0.716155225 0.321038575 0.7199364359375 0.322130028125 0.714089065625 0.331912021875 0.624083525 0.2381157828125 0.539846253125 0.0783404140625 0.41217242968749995 0.0713232328125 0.4094997359375 0.0673056265625 0.41376658906249997 0.055247521875000004 0.4716547515625 0.0475061109375 0.514567165625 0.0538521140625 0.5261093796874999
18 0.3126470799397251 0.6419329046719484 0.04570864767057934 0.06915241439185812
23 0.28497578131920615 0.6344093490475959 0.05105124491161739 0.08187073821317573
26 0.2597743854576491 0.6145313426374551 0.04447369629109836 0.07532963978475245
0 0.23280577170826772 0.5906743116202084 0.04447369629109836 0.07532963978475245
7 0.2060418758467107 0.5707235306029619 0.048008132066747054 0.08328768899896417
36 0.18330706071784827 0.55329843610348 0.048008132066747054 0.08328768899896417
17 0.15724252770116148 0.5318215423897861 0.04636374491161734 0.08165241439185814
1 0.13816830110690986 0.5098908844080687 0.03649742198083885 0.07184076674922295
1 0.11313067955561233 0.49313787799792796 0.041430583446228075 0.07674659057054072
8 0.09426117084918506 0.4751134700162106 0.039868083446228074 0.07667381596343467
9 0.07378821856519291 0.45623503742738747 0.03797803482570909 0.07035104135632882