19 0.7084679984375 0.7163495890625 0.7323934750000001 0.71475219375 0.738898675 0.6884986484375 0.7395421468750001 0.6738822828125001 0.795632578125 0.4358279625 0.81192706875 0.38549645312499997 0.8118788203125 0.385423771875 0.7761519421874999 0.3775635921875 0.740569325 0.3730415109375 0.7366117812499999 0.3757196390625 0.6594874359375 0.70304433125 0.663056753125 0.70842104375 0.674614053125 0.7109637359375001 0.7084679984375 0.7163495890625
18 0.7597420107149551 0.3966872277444108 0.04656746515360979 0.0362011204133089
30 0.761240023328827 0.4209196132830302 0.05755952885594055 0.03782725292686635
29 0.7554885311333752 0.45136109220579135 0.05125496515360979 0.036228391490547726
1 0.7482018207890889 0.4810122307694728 0.04952877404661713 0.03153180113146803
7 0.7394071741471336 0.5090917789740749 0.05448909255827132 0.03937157220870695
21 0.7285043904818697 0.552787236819597 0.057614092558271324 0.03938975292686635
5 0.7182464475607785 0.6003934898446592 0.05443452885594056 0.037809072208706954
2 0.7117137053653269 0.6308304235878806 0.05276290145127884 0.03467498184962743
7 0.7029190587233713 0.6589099717924825 0.05599702885594056 0.03781816256778665
8 0.6971948483790851 0.6885702007152436 0.05276290145127884 0.03467498184962743