19 0.7439944984375 0.30122546875 0.7036962984375 0.3942849671875 0.6601768078125 0.47671464218750004 0.660386253125 0.47840623281249994 0.7327951421875001 0.491474375 0.8188979625 0.336863846875 0.82640699375 0.322758571875 0.8280006625 0.3099112171875 0.753418296875 0.2942468 0.7439944984375 0.30122546875
18 0.7002234865438743 0.29148612245641237 0.04325203301668683 0.020557939695149675
23 0.7136242452503015 0.30874634532904927 0.0559976944820761 0.02531816256778665
26 0.7160875039567289 0.32594293568812893 0.051228307326946346 0.02372839149054773
0 0.723279206240721 0.34394804712444743 0.0528726944820761 0.02529998184962743
7 0.7257834085247131 0.36192588748352705 0.057478307326946164 0.023764752926866174
14 0.7314944979638351 0.3814844085607659 0.0591226944820761 0.025336343285945872
10 0.7396312245580867 0.40261906517662416 0.059204581637205676 0.026898843285945873
0 0.7437388704196437 0.4213872458947834 0.0559976944820761 0.02531816256778665
8 0.7494909034363305 0.4417270169720222 0.05607958163720568 0.026880662567786474
5 0.7537213800305821 0.4628389476901814 0.06084896879233561 0.028470433645025394
9 0.7595553002023987 0.4847412187674204 0.057642081637205855 0.02688975292686635