19 0.9187343562500001 0.7946365703125 0.9227733328125 0.795318875 0.926844434375 0.7925773781250001 0.930153484375 0.7733650390625 0.9341592453124999 0.7464874781249999 0.8135312390625 0.7108789062499999 0.7602611859375 0.7018799828125 0.7601935453124999 0.702230675 0.7544602984375001 0.75087739375 0.8966259015625001 0.7902488734374999 0.9187343562500001 0.7946365703125
18 0.9262082391999471 0.7494894947883125 0.02308467292769336 0.029942038669636163
23 0.9108060736866275 0.7547764314528582 0.023530341901054186 0.04087953866963616
26 0.8959304901885303 0.7538224587841764 0.02027800790866543 0.037718176002545435
0 0.879492406690433 0.7528503047819493 0.02184050790866543 0.0377363573360908
7 0.8638037396942387 0.7511059914464948 0.018651840912470873 0.03613749466899989
36 0.8465525726980445 0.7493434967774949 0.023466674904859985 0.039317038669636165
20 0.82930140570185 0.747581002108495 0.02184050790866543 0.0377363573360908
1 0.81367640570185 0.7473991887730407 0.01715300790866543 0.03768181333545435
7 0.7979559052075583 0.7448736254375861 0.023530341901054186 0.04087953866963616
7 0.7806729047132668 0.7423298807685862 0.02034167490485981 0.03928067600254544
7 0.765079738211364 0.7429293174331317 0.02346667490485981 0.039317038669636165