19 0.339185790625 0.37363249062500004 0.336020090625 0.3743352921875 0.32672153125 0.41581503125 0.3125091703125 0.51439780625 0.3138278984375 0.516634728125 0.3372123625 0.5244698031249999 0.343075675 0.5262912296875 0.34499641406250003 0.5252828093749999 0.34986136874999996 0.49971811875 0.3669149515625 0.3855738109375 0.3646951484375 0.381808421875 0.3543906109375 0.37835583906250003 0.339185790625 0.37363249062500004
18 0.35474758188408817 0.38603181513486523 0.02096747146395277 0.015008569892376223
23 0.3482985287409351 0.39820432940288886 0.029071069892376133 0.021622442927905362
26 0.3449744755977819 0.41052239288512415 0.025727746071058634 0.016789393713693812
0 0.3440669470617347 0.4245121182780183 0.025800520678164497 0.018351893713693813
7 0.3415241439185815 0.4368665690638066 0.02409247146395277 0.01515411910658777
36 0.3390541153825342 0.45078351984959486 0.029071069892376133 0.02162244292790554
20 0.338110199542934 0.463991995242489 0.025727746071058544 0.016789393713693812
1 0.3363850337033338 0.4771640833318303 0.025800520678164407 0.018351893713693813
7 0.33462348056018065 0.4895549214211714 0.02736302067816441 0.018424668320799496
7 0.3320442901134746 0.5011281222069597 0.02736302067816441 0.018424668320799496
7 0.3311003742738744 0.514336597599854 0.02899829528527027 0.02005994292790536