19 0.58984375 0.6083984375 0.5751953125 0.60546875 0.5595703125 0.609375 0.2841796875 0.703125 0.2800925921875 0.70601851875 0.27734375 0.7373046875 0.29296875 0.8291015625 0.2998046875 0.837890625 0.3046875 0.8369140625 0.3544921875 0.818359375 0.4306640625 0.798828125 0.4794921875 0.78125 0.5869140625 0.73046875 0.591796875 0.7255859375 0.58984375 0.6083984375
18 0.30625 0.75234375 0.034375 0.053125
23 0.334375 0.75703125 0.03125 0.06328125
26 0.359375 0.75078125 0.02734375 0.06796875
0 0.38828125 0.73671875 0.02578125 0.06640625
7 0.4140625 0.73125 0.02734375 0.07265625
12 0.43984375 0.71953125 0.02578125 0.0609375
15 0.46484375 0.709375 0.02890625 0.07109375
3 0.4921875 0.69921875 0.02578125 0.06484375
8 0.51875 0.68984375 0.025 0.06171875
2 0.5453125 0.68359375 0.02734375 0.06328125
3 0.56953125 0.6734375 0.02578125 0.059375