19 0.676364253125 0.27469239375 0.672033896875 0.2725181578125 0.611821634375 0.273660046875 0.602448971875 0.2742061640625 0.593614534375 0.28217604375 0.59824704375 0.39890908125 0.5951619390625 0.4945851515625 0.591608675 0.5078877359375 0.5929910406250001 0.53163085625 0.5985636421875 0.534428815625 0.6698851125 0.5329411937499999 0.6749550375 0.52710529375 0.678351890625 0.306701815625 0.6783148953125 0.305144146875 0.676364253125 0.27469239375
18 0.6319438498270493 0.2909662807526779 0.04547612646343317 0.028652258672817864
31 0.6341603347999347 0.312868552752996 0.048601126463433175 0.028688621339908772
26 0.6316893197728202 0.3347162807526779 0.048573855386194256 0.02400112133990877
9 0.634673419207086 0.3589713934197688 0.04232385538619425 0.023928396005726958
3 0.6353183138208918 0.3824179840865415 0.047029536104353474 0.027107940006363407
11 0.632847298793777 0.4042657120862233 0.04545794574527377 0.025527258672817865
26 0.6327245789462023 0.42535946208622333 0.045448855386194253 0.023964758672817867
6 0.6317933380213885 0.45113162141945057 0.04075226502711473 0.022347714672181596
2 0.6332285729942739 0.473024802752996 0.04075226502711473 0.022347714672181596
7 0.633887103146699 0.4941276434197688 0.045448855386194253 0.023964758672817867
3 0.6329694977605048 0.517556052752996 0.05171703610435348 0.027162484006999676