19 0.14729715625 0.3879167890625 0.1682650390625 0.6452283390625 0.1747479609375 0.6527298734375 0.209956934375 0.6525248875 0.24152939375 0.651421009375 0.2449204578125 0.6498020203125 0.2308116515625 0.380261590625 0.227326828125 0.373454034375 0.2162336328125 0.36922486875 0.20767140781250001 0.3692747171875 0.1513158078125 0.37124509843750003 0.1488120578125 0.37283770625 0.14729715625 0.3879167890625
18 0.20037650649611707 0.3884796905588384 0.048873876623205435 0.02669147477225655
13 0.18669979018133712 0.4106721490890261 0.055123876623205434 0.02690972958157989
22 0.19096455032760687 0.43505459019601866 0.05992047077900677 0.033323420688572546
2 0.1928719237044014 0.460136435749515 0.05520569724005644 0.031597229581580066
12 0.19083213677277047 0.4874256220471841 0.05517842370110611 0.030034729581580065
10 0.193520760149565 0.5125347494518457 0.06145569724005644 0.031815484390903495
30 0.19778552029583474 0.5369171905588385 0.061455697240056485 0.031815484390903495
6 0.19810312013367898 0.5635069724100038 0.055123876623205434 0.02690972958157989
3 0.19922924351047352 0.5885615361123346 0.055123876623205434 0.02690972958157989
1 0.19876559334831775 0.6151240361123347 0.05663182954530477 0.023839293283910833
4 0.20148149026406265 0.6386706635169964 0.05356137662320544 0.02685516587924912