19 0.6644477203125 0.1799022671875 0.6628722078125 0.170089 0.661232125 0.16584550781250001 0.6467294531250001 0.1688046546875 0.617077715625 0.1755579890625 0.6140701921875 0.293322915625 0.6078637734375001 0.3317015671875 0.6117417484375001 0.336064784375 0.6506710203125 0.33018339218750004 0.6532196390625 0.326570678125 0.660497846875 0.26941719062499997 0.6644477203125 0.1799022671875
18 0.6622420173383772 0.31942451244423575 0.03379464664195542 0.029270837748947898
23 0.6613888454686784 0.2991665761465666 0.038318455534962936 0.024747028855940555
26 0.654067418789656 0.28537689465822086 0.03659226442797028 0.02000496515360961
0 0.6466368647059719 0.27471221316987515 0.03815476442797028 0.020059528855940555
7 0.644084783580446 0.2584150905745368 0.03653770072563951 0.0184424651536097
12 0.6359548250502582 0.24543394093735654 0.03659226442797028 0.0200049651536097
16 0.6317856802224014 0.2307538820443491 0.03185020072563951 0.01827877404661713
9 0.6251909398410482 0.21849941870483797 0.03190476442797028 0.01984127404661713
4 0.6193501676085296 0.20699892351416138 0.02705357332097762 0.01499008293962456
1 0.6142906453760111 0.1954711464723194 0.03017857332097762 0.015099210344286273
7 0.6108481868458233 0.1823263057281465 0.03653770072563951 0.0184424651536097