19 0.237743971875 0.4500654921875 0.234375 0.47852570468750005 0.234375 0.6730257890625 0.293220528125 0.6764531515625001 0.296528621875 0.6645738453125001 0.2943529234375 0.57723160625 0.2979449125 0.5003193984375 0.3039581734375 0.46084826406249996 0.30155973281250004 0.4452397078125 0.24528194218750002 0.44491129375 0.237743971875 0.4500654921875
18 0.27734375 0.45599718394675326 0.0390625 0.02415013154179633
26 0.26875 0.475809155007558 0.04375 0.0197356473268119
11 0.26796875 0.49685740237672216 0.0421875 0.024332142065139804
1 0.26484375 0.5185503918533784 0.0484375 0.021571163111827295
1 0.26640625 0.5405163971150502 0.0421875 0.021207142065139805
12 0.26640625 0.5592663971150502 0.0453125 0.02451415258848364
36 0.26796875 0.5781074023767221 0.0453125 0.02451415258848364
2 0.26953125 0.5992921576383939 0.046875 0.021480157850155557
9 0.2703125 0.6196501602692299 0.04375 0.0197356473268119
5 0.271875 0.6423974155309018 0.04375 0.021298147326811723
4 0.271875 0.6611474155309017 0.040625 0.021116136803468067