19 0.2052229828125 0.7823786625 0.21146115468749999 0.791286671875 0.24679422031249998 0.78921994375 0.2511342734375 0.78122880625 0.21487500937499998 0.5064116828125 0.21009093281250002 0.5025684984375001 0.177894503125 0.50578226875 0.2052229828125 0.7823786625
18 0.22916219994868636 0.7725985537623257 0.034538626463433086 0.029726041356328815
23 0.22461560051442042 0.7481614799410081 0.03453862646343318 0.029726041356328992
26 0.22085025108015452 0.7237607934232434 0.03765453610435347 0.028309090570540717
0 0.21941956128680898 0.7010317688161376 0.029832945745273863 0.026382717535011223
7 0.21567239257070225 0.6735060822983729 0.03610112646343318 0.02979881596343468
12 0.21269283831597616 0.6483605330841613 0.032957945745273866 0.02652826674922295
11 0.20971328406125006 0.6232149838699496 0.032957945745273956 0.02652826674922295
3 0.20830532016560355 0.5965797092628436 0.029832945745273863 0.026382717535011223
6 0.20611156109041726 0.5706892973521849 0.0314227168225127 0.031142992142117087
3 0.2031274616561513 0.5463249981379732 0.025136355386194253 0.024601893713693812
2 0.20015245258096498 0.5203981989237615 0.029832945745273953 0.026382717535011223