19 0.22265459375000002 0.5351679125000001 0.22597493906250002 0.5376688984375 0.2481520125 0.5415290484375 0.2543684515625 0.538671378125 0.2561071625 0.51605038125 0.266859671875 0.3645903546875 0.262201196875 0.3587461203125 0.231807025 0.35546905156249997 0.22891393125 0.3576512015625 0.22265459375000002 0.5351679125000001
18 0.25382652136958345 0.3699462918816133 0.024174484396167806 0.015427578925077689
23 0.24736848145549173 0.38047426820408997 0.027463258706427317 0.018734589448421435
26 0.2474061030067892 0.39605376557325406 0.028943871551297563 0.01726309471009326
0 0.24678530529078135 0.41393151031158215 0.025736984396167804 0.015518584186749607
7 0.244438233264514 0.4285932497882385 0.028943871551297563 0.01726309471009326
36 0.2453389919709413 0.4457807497882385 0.02738137155129756 0.017172089448421347
12 0.24385505709980365 0.4620504918957307 0.024174484396167806 0.015427578925077689
2 0.24463298507353634 0.4768942418957307 0.025818871551297563 0.017081084186749605
0 0.24240874377996358 0.4938997313723871 0.025736984396167804 0.015518584186749607
0 0.2408838653312611 0.5093882234798792 0.027299484396167806 0.015609589448421345
9 0.23939993046012348 0.5256579655873714 0.028943871551297563 0.01726309471009326