19 0.8291015625 0.521484375 0.833984375 0.5146484375 0.833984375 0.5068359375 0.828125 0.4560546875 0.8212890625 0.451171875 0.8095703125 0.455078125 0.7919921875 0.462890625 0.7861328125 0.470703125 0.7626953125 0.4765625 0.7548828125 0.484375 0.7470703125 0.484375 0.7216796875 0.5 0.7001953125 0.505859375 0.6572265625 0.529296875 0.6279296875 0.5390625 0.619140625 0.5478515625 0.619140625 0.5673828125 0.625 0.5830078125 0.62890625 0.6162109375 0.6357421875 0.626953125 0.640625 0.6259765625 0.6474609375 0.623046875 0.6533203125 0.61328125 0.6845703125 0.595703125 0.7705078125 0.552734375 0.8115234375 0.52734375 0.8291015625 0.521484375
18 0.6390625 0.5828125 0.0265625 0.05625
23 0.66015625 0.571875 0.028125 0.05078125
26 0.678125 0.56328125 0.0203125 0.04609375
0 0.69921875 0.553125 0.02265625 0.05
7 0.715625 0.54375 0.0203125 0.04765625
12 0.73515625 0.5359375 0.0203125 0.046875
13 0.75390625 0.52734375 0.01953125 0.05
1 0.77109375 0.51796875 0.01875 0.0453125
1 0.78828125 0.509375 0.01796875 0.04375
5 0.80234375 0.5015625 0.01796875 0.046875
1 0.81953125 0.49296875 0.0171875 0.04375