19 0.6338883078124999 0.6030311453125 0.5063869640625 0.6156973609375 0.5033514703125 0.6186961296875 0.5027079578125 0.6331568921875 0.5041718890625 0.6959384203125001 0.5262649609375 0.694653996875 0.7463216046875 0.6560369890625 0.7513807625 0.651039040625 0.7504677515625 0.58943476875 0.741604225 0.58451781875 0.6538819765625 0.59695260625 0.6338883078124999 0.6030311453125
18 0.5202858239648327 0.642176326117532 0.032659387305303156 0.048619307181592394
33 0.5450812354850306 0.649062130372258 0.029761707838416564 0.056413626463433175
11 0.5686551278048986 0.6442382749860638 0.026636707838416384 0.056395445745273776
0 0.5930102701247668 0.6394098744203296 0.0235571719450391 0.05793976502711473
2 0.6150216624446347 0.6345951093932151 0.021903743731793844 0.05480567466803503
10 0.6377461086045688 0.6321195491865605 0.023466243731793845 0.05481476502711473
14 0.6597802329777481 0.626523534159446 0.025074207838416563 0.056386355386194256
9 0.6794251432443049 0.6225036546709507 0.02337531551854859 0.05168976502711473
7 0.6998967676174843 0.6169167300029157 0.02342077962517113 0.053252265027114734
0 0.721104177884041 0.6128877601553409 0.02011392319868044 0.04698408430895533
5 0.7415303381505977 0.6088633354873059 0.023466243731793845 0.05481476502711473