19 0.728864540625 0.363709009375 0.740488565625 0.3020209984375 0.654686328125 0.2867905375 0.6071702515624999 0.4566171203125 0.6025649515625 0.47906981406250004 0.6068850171875 0.48253446718750004 0.6852449484375 0.4942182984375 0.690939728125 0.4898880515625 0.6905286312500001 0.47977120468749995 0.7030627734375 0.45111974374999997 0.71508585625 0.400259765625 0.728864540625 0.363709009375
18 0.6681967537028128 0.4788886448455042 0.0679512194147918 0.03633364767057934
23 0.6740648939954171 0.46215484622498526 0.06319098423243048 0.03296298620519007
26 0.6721750856747921 0.448174233380115 0.06468074905006951 0.029919873360319826
0 0.6748636745806254 0.4292604590698555 0.055305749050069505 0.02942855042954129
7 0.6705028296908685 0.4099339269576799 0.05526938145888884 0.027866050429541288
12 0.6779698375746531 0.3946807411820311 0.05523301386770836 0.02630355042954129
14 0.676788544071667 0.377534184759596 0.056904616641249996 0.031072937584671046
5 0.6794953167730906 0.35940166044933647 0.06159211664124999 0.03131859905006031
2 0.6814390232701044 0.3420913297166418 0.056904616641249996 0.031072937584671046
1 0.684854310789167 0.32079286182881744 0.056831881458888844 0.027947937584671047
1 0.6867798334905906 0.3027012810961228 0.050581881458888846 0.02762038896415202