19 0.67567421875 0.7527942999999999 0.6772731953125 0.7513872265625 0.6780084937499999 0.7200180046875 0.578408403125 0.707631675 0.5751850703125 0.7104681546875 0.573543928125 0.725639696875 0.5737699734375 0.738547784375 0.5754771515625 0.7428998499999999 0.6087950609375 0.7477429546875001 0.67567421875 0.7527942999999999
18 0.5807629941186478 0.7284061146756482 0.01084896879233561 0.02850700197716627
23 0.5903427120064721 0.7326943666528146 0.01084896879233561 0.02850700197716627
26 0.6005399055840371 0.7338894521280782 0.0122476944820761 0.025445668973360824
3 0.6098739620064721 0.7334902041052445 0.009122694482076098 0.02531833498097207
0 0.6184677120064721 0.7338403725843137 0.010603307326946166 0.023819501977166268
12 0.6294052120064721 0.7342860415576744 0.010603307326946166 0.023819501977166268
2 0.6396024055840371 0.735481127032938 0.012165807326946165 0.023883168973360826
6 0.6489364620064721 0.7350818790101042 0.0122476944820761 0.025445668973360824
8 0.6583114620064723 0.7354638809872706 0.010521420171816587 0.02225700197716627
7 0.6669052120064721 0.7358140494663397 0.010603307326946166 0.023819501977166268