19 0.16034036875 0.3929726734375 0.1519376671875 0.3495440984375 0.1419964765625 0.34365317812499996 0.1089529265625 0.33721498125 0.075332678125 0.33331843125 0.055629106250000004 0.335965921875 0.054044406249999996 0.33802447343750003 0.057447209374999995 0.359460628125 0.06911795781249999 0.40776597187499997 0.09943385 0.59874261875 0.1127076359375 0.7201843593749999 0.1124826828125 0.7439824453125 0.1159979640625 0.7535195578125 0.1209605078125 0.75573721875 0.12389730624999999 0.755429009375 0.142728078125 0.7517049046875 0.195682090625 0.7322790718750001 0.20132402656249998 0.72614549375 0.16034036875 0.3929726734375
18 0.10137643920807601 0.3659360841561806 0.08047123920022678 0.06900587955902786
23 0.09664180998931578 0.4119570989738195 0.05934028366526398 0.045095600873680655
17 0.09942950409153323 0.444079267951771 0.06531746515360967 0.03742857123840295
1 0.10472463930074324 0.4715684883164932 0.05254464664195542 0.029325130508958352
2 0.105441401914615 0.49582360590767377 0.05432540145127884 0.035611498100139014
23 0.10976431416566701 0.5287633924768057 0.054598219962933126 0.043423998100139014
11 0.11578613567254617 0.5578332966371182 0.04796627404661713 0.032341027735416715
0 0.11547611162592905 0.5891014804327085 0.05120040145127884 0.03553876291777769
9 0.12071668313280823 0.6181532007974306 0.05120040145127884 0.03553876291777769
5 0.12347709538386024 0.6510566197753821 0.0528174651536097 0.03713763050895835
5 0.13100685318840857 0.6817253915268751 0.0543799651536097 0.037173998100139015