19 0.6474609375 0.662109375 0.64453125 0.6748046875 0.650390625 0.7275390625 0.6533203125 0.732421875 0.66015625 0.7314453125 0.8232421875 0.673828125 0.826171875 0.6689453125 0.826171875 0.6318359375 0.822265625 0.6083984375 0.8115234375 0.607421875 0.6474609375 0.662109375
18 0.65625 0.6890625 0.0171875 0.0359375
23 0.6734375 0.69296875 0.0171875 0.04765625
26 0.68828125 0.68984375 0.015625 0.0484375
0 0.70625 0.6828125 0.01640625 0.0484375
7 0.721875 0.6765625 0.01484375 0.0484375
12 0.7390625 0.67109375 0.015625 0.04609375
13 0.75390625 0.6671875 0.01640625 0.04765625
7 0.76796875 0.6609375 0.0140625 0.04765625
8 0.784375 0.65703125 0.0140625 0.04453125
8 0.79921875 0.65078125 0.01328125 0.04375
1 0.8140625 0.646875 0.01171875 0.04765625