19 0.4423828125 0.654296875 0.3349609375 0.6328125 0.326171875 0.6357421875 0.326171875 0.6416015625 0.357421875 0.7041015625 0.3642578125 0.7109375 0.5048828125 0.744140625 0.56640625 0.7509765625 0.5703125 0.7490234375 0.568359375 0.7373046875 0.546875 0.6845703125 0.5390625 0.6689453125 0.5322265625 0.6640625 0.4423828125 0.654296875
18 0.3578125 0.67734375 0.02265625 0.034375
23 0.371875 0.68046875 0.03203125 0.04375
26 0.38359375 0.68359375 0.025 0.04296875
0 0.4015625 0.68828125 0.0296875 0.04375
7 0.41328125 0.68984375 0.025 0.04453125
12 0.440625 0.696875 0.03125 0.04296875
15 0.45625 0.6984375 0.028125 0.046875
5 0.48359375 0.703125 0.03125 0.0453125
9 0.49921875 0.70625 0.02734375 0.04609375
0 0.52109375 0.70859375 0.03125 0.04765625
5 0.5359375 0.709375 0.0296875 0.04765625