19 0.7156631890625 0.7857554999999999 0.7202199359375 0.7074979640625 0.7117117171875 0.6987307890625 0.611312696875 0.667594009375 0.5211851296875001 0.6321523078125 0.5175236765625 0.6329810140625 0.5166710078125 0.706199765625 0.5168620640625 0.7063966374999999 0.6870794250000001 0.7775717546875 0.71058588125 0.7869046609375 0.7156631890625 0.7857554999999999
18 0.7149119849079161 0.6532666571975353 0.019006865177646402 0.03946254350298624
23 0.7008302142297517 0.6701450326725006 0.01980738585581072 0.05665004350298623
26 0.6834243904084341 0.6744324891695145 0.019516287427387445 0.050400043502986235
0 0.6665814927657989 0.6834256294621186 0.02115156203449331 0.051998911094166544
7 0.6483580316409284 0.6884761521635422 0.019734611248705035 0.05508754350298624
14 0.6299526339982933 0.6974329248649658 0.0213698858558109 0.05668641109416672
10 0.6106932117485522 0.7079340137707991 0.01988016046291676 0.058212543502986235
0 0.591615726016576 0.7145288526766325 0.019734611248705035 0.05508754350298606
8 0.5716842156774937 0.7226680077868755 0.0213698858558109 0.05668641109416672
5 0.5510442299455173 0.7292264791015283 0.0229323858558109 0.05672277868534721
9 0.5302586949993293 0.7389099504161811 0.02293238585581072 0.05672277868534721