19 0.431640625 0.5830078125 0.435546875 0.6884765625 0.44140625 0.6962890625 0.447265625 0.7451171875 0.4560546875 0.755859375 0.46484375 0.7568359375 0.720703125 0.5439453125 0.724609375 0.5283203125 0.716796875 0.4111328125 0.7119140625 0.39453125 0.5888671875 0.482421875 0.431640625 0.5830078125
18 0.46875 0.6328125 0.028125 0.07578125
23 0.49453125 0.634375 0.02890625 0.10859375
26 0.51640625 0.6171875 0.02421875 0.1015625
0 0.5453125 0.5953125 0.02578125 0.09140625
7 0.5671875 0.57734375 0.0234375 0.09921875
12 0.59375 0.559375 0.025 0.08515625
21 0.615625 0.5390625 0.02421875 0.08984375
2 0.64140625 0.5265625 0.02890625 0.0921875
3 0.66015625 0.50703125 0.02265625 0.0859375
5 0.68125 0.490625 0.02265625 0.0875
4 0.70390625 0.475 0.021875 0.084375