19 0.2726929953125 0.6799927359375 0.2738544625 0.699718415625 0.279581028125 0.7038875375 0.5932389078125 0.6999480453125 0.600375628125 0.6933625484375 0.600391684375 0.6930561843749999 0.6016278625 0.614689315625 0.597002534375 0.6076133390625 0.573455659375 0.6066533875 0.349279875 0.6093212703125 0.2845259671875 0.6066814078125 0.27588278125 0.6164197515625001 0.27318971406250003 0.667806521875 0.2726929953125 0.6799927359375
18 0.5835285572154045 0.6416907647207297 0.030663501809022265 0.049092116641249996
23 0.5556115971294964 0.6519918318750699 0.02515048620519007 0.06300914627652787
26 0.529625629241672 0.6552980166205907 0.023424211894930557 0.05984777868534721
0 0.49841657281923685 0.6537894147969796 0.02630355042954129 0.05523301386770836
7 0.47169029850897737 0.6562961657469102 0.026631099050060315 0.06148301386770836
36 0.44274310493141245 0.6564046153100699 0.031236711894930557 0.06002961664124999
15 0.4129737177762827 0.6572761310776393 0.02827548620519007 0.06308188145888885
4 0.3848896613538476 0.6558402644363893 0.028193599050060313 0.06151938145888884
6 0.35664183062115296 0.6575293977951392 0.028111711894930558 0.05995688145888885
5 0.32777652419871783 0.656075347358299 0.02967421189493056 0.05999324905006951
3 0.2986655563108935 0.6593087969214586 0.028439260515449583 0.06620688145888884