19 0.3486328125 0.76953125 0.3408203125 0.771484375 0.337890625 0.7763671875 0.33984375 0.7978515625 0.349609375 0.8017578125 0.5029296875 0.794921875 0.505859375 0.7919921875 0.505859375 0.7666015625 0.5029296875 0.763671875 0.4814453125 0.763671875 0.3486328125 0.76953125
18 0.3484375 0.7828125 0.015625 0.01640625
23 0.3625 0.78671875 0.01484375 0.02265625
26 0.37734375 0.7859375 0.01484375 0.02265625
0 0.3921875 0.7859375 0.01484375 0.02265625
7 0.40625 0.784375 0.0140625 0.021875
36 0.42265625 0.7828125 0.01484375 0.02265625
16 0.4375 0.78359375 0.01328125 0.021875
7 0.4515625 0.78203125 0.01328125 0.02109375
8 0.4671875 0.78203125 0.0140625 0.02109375
5 0.48125 0.78046875 0.0140625 0.02109375
0 0.496875 0.78046875 0.0140625 0.02109375