19 0.6495536125 0.801041575 0.6652577 0.7515360265625 0.705856484375 0.6561090421875 0.6320686484375 0.6509445625 0.58663765625 0.7732299921875 0.58216073125 0.787089221875 0.5827047875 0.8000953281250001 0.6495536125 0.801041575
18 0.6093823351322412 0.7939264671222636 0.042896828130301046 0.021048885551659246
23 0.627842158453219 0.7801776128201925 0.05060020072563951 0.018060253246410873
26 0.6290871999230312 0.7669099995896677 0.05054563702330857 0.016497753246410875
0 0.6342930550951744 0.7521480702065186 0.05216270072563951 0.018087526785361165
7 0.6440500010114902 0.7413742114402206 0.056795637023308386 0.01660684740221221
12 0.6508456380347989 0.7258583055960222 0.05210813702330856 0.016525026785361163
11 0.6544071476534457 0.7134128526739227 0.053670637023308564 0.016552300324311632
6 0.661120939123258 0.700240696829724 0.05210813702330856 0.016525026785361163
7 0.6662722305930703 0.6870412674465751 0.053670637023308564 0.016552300324311632
6 0.671450803914048 0.6730605880634262 0.05216270072563951 0.018087526785361165
0 0.6804810635326948 0.660710592527653 0.056795637023308566 0.01660684740221221