19 0.2811896375 0.49223169218749996 0.27933380625000004 0.5955166796875 0.275347490625 0.6347245265625 0.27750725625 0.64009465625 0.306504203125 0.6452126781249999 0.31482866875000004 0.64269081875 0.3201151453125 0.497938109375 0.2811896375 0.49223169218749996
18 0.29731496924732215 0.6353663700205254 0.02674431333545444 0.015779536104353474
23 0.2943354199156857 0.6228481893023663 0.026726132001908987 0.014217036104353476
26 0.29448087058404926 0.6103481893023662 0.026726132001908987 0.014217036104353476
0 0.29541666191918553 0.5970714844819061 0.02674431333545444 0.015779536104353474
7 0.2963524532543218 0.5837947796614458 0.025163632001908985 0.014207945745273776
36 0.2957257445894581 0.570508984481906 0.02986931333545444 0.015797716822512697
13 0.2966706265913671 0.5564510296614459 0.02674431333545444 0.015779536104353474
1 0.29606209926004884 0.541602734481906 0.028270450668363624 0.012663626463433175
9 0.2977700499284124 0.5291118248409856 0.02674431333545444 0.015779536104353474
2 0.2971615225970941 0.5142635296614457 0.028324994668999893 0.017351126463433175
6 0.2988876545990031 0.5002101200205255 0.02674431333545444 0.015779536104353474