19 0.3828125 0.5517578125 0.3896484375 0.59375 0.5390625 0.6103515625 0.54296875 0.6044921875 0.541015625 0.5693359375 0.537109375 0.5244140625 0.5322265625 0.509765625 0.3828125 0.5107421875 0.3828125 0.5517578125
18 0.390625 0.53828125 0.01640625 0.04609375
17 0.4046875 0.54921875 0.015625 0.05390625
28 0.4171875 0.54921875 0.01484375 0.0546875
2 0.4296875 0.55 0.015625 0.0546875
6 0.4421875 0.55 0.0140625 0.053125
11 0.45546875 0.55234375 0.01328125 0.053125
36 0.46953125 0.553125 0.01484375 0.05546875
0 0.48359375 0.55390625 0.01328125 0.05546875
5 0.496875 0.5546875 0.015625 0.05703125
2 0.51328125 0.55625 0.0140625 0.06015625
8 0.528125 0.5578125 0.01640625 0.05859375