19 0.596640809375 0.45339565000000004 0.5929889140625 0.45112676093750004 0.5923462328125 0.45127264218749996 0.5842927859375 0.4540874078125 0.5044596328125001 0.49648597031249997 0.5029808859375 0.49896706875 0.506139740625 0.51241128125 0.5134595703125 0.535650153125 0.5338807937500001 0.5316461328125001 0.6062493078125 0.49449188125 0.596640809375 0.45339565000000004
18 0.5995006518792018 0.49229973741480304 0.016206881458888843 0.025272735389503254
23 0.5902529384483337 0.49760484618110096 0.016388719414791808 0.033085235389503434
26 0.5800421370615629 0.4950838181779238 0.01631598423243048 0.029960235389503254
0 0.5707035046527434 0.4964826769442217 0.016425087005972294 0.03464773538950343
7 0.5620915708571532 0.49555142247999484 0.016388719414791808 0.033085235389503434
12 0.5510995194703824 0.49301675770734243 0.01631598423243048 0.02996023538950343
15 0.5409432694703824 0.4928394797041653 0.016388719414791808 0.033085235389503254
4 0.5307870194703823 0.49266220170098807 0.017914851823611144 0.03155000892845372
1 0.5221750856747921 0.49173094723676114 0.013190984232430657 0.029905688311602674
8 0.5143807694703824 0.4923758295420095 0.01631598423243048 0.02996023538950343
5 0.5057870194703824 0.4922258250777826 0.01631598423243048 0.02996023538950343