19 0.8388671875 0.5546875 0.7177734375 0.634765625 0.6875 0.6591796875 0.693359375 0.7294921875 0.6953125 0.7353515625 0.69921875 0.7353515625 0.7294921875 0.70703125 0.7998046875 0.658203125 0.849609375 0.6181640625 0.849609375 0.5556640625 0.8466796875 0.552734375 0.8388671875 0.5546875
18 0.7 0.68359375 0.01640625 0.04140625
23 0.71484375 0.68046875 0.01484375 0.05
26 0.73046875 0.671875 0.0140625 0.05390625
0 0.746875 0.6578125 0.01328125 0.046875
7 0.76015625 0.65078125 0.0140625 0.053125
36 0.7765625 0.63828125 0.0140625 0.04921875
15 0.78984375 0.6296875 0.0125 0.05
4 0.8046875 0.61875 0.0109375 0.04453125
6 0.8171875 0.60859375 0.0140625 0.0421875
5 0.82890625 0.59921875 0.0140625 0.04296875
3 0.84140625 0.59140625 0.0109375 0.04375