19 0.6455078125 0.4296875 0.6416015625 0.4296875 0.4677734375 0.44140625 0.462890625 0.4501953125 0.46484375 0.5087890625 0.46875 0.5224609375 0.474609375 0.5244140625 0.474609375 0.5185546875 0.4794921875 0.513671875 0.6455078125 0.5 0.65234375 0.4951171875 0.65234375 0.4384765625 0.6455078125 0.4296875
18 0.47890625 0.47734375 0.01953125 0.0546875
23 0.49921875 0.478125 0.0171875 0.05625
26 0.515625 0.47421875 0.01328125 0.0546875
0 0.5296875 0.4734375 0.0140625 0.0515625
7 0.54453125 0.4734375 0.01171875 0.053125
12 0.565625 0.471875 0.01640625 0.053125
15 0.58046875 0.4703125 0.01640625 0.05234375
5 0.60234375 0.46875 0.0140625 0.053125
9 0.615625 0.46796875 0.0125 0.05078125
0 0.6296875 0.46875 0.0140625 0.0515625
5 0.64296875 0.4671875 0.01640625 0.05234375