19 0.6357421875 0.603515625 0.6328125 0.6064453125 0.6328125 0.6650390625 0.640625 0.6689453125 0.8037109375 0.63671875 0.806640625 0.6337890625 0.806640625 0.5771484375 0.7939453125 0.576171875 0.6845703125 0.59765625 0.6357421875 0.603515625
18 0.64140625 0.63515625 0.015625 0.0265625
13 0.65625 0.6375 0.0171875 0.04453125
22 0.67421875 0.6359375 0.0171875 0.0453125
8 0.68984375 0.63046875 0.01484375 0.040625
12 0.70625 0.62890625 0.01640625 0.04375
10 0.72109375 0.62421875 0.01171875 0.03984375
23 0.73671875 0.621875 0.01484375 0.04140625
6 0.753125 0.6203125 0.01484375 0.04140625
3 0.76796875 0.61640625 0.01328125 0.04140625
3 0.7828125 0.6140625 0.0125 0.03828125
8 0.796875 0.609375 0.01171875 0.03828125