19 0.7168462515625 0.4325405328125 0.7092612453125 0.3116006234375 0.6139667765625 0.2947976375 0.611118965625 0.301445075 0.613832815625 0.35301239375 0.6364676453125 0.5236591734375 0.6388740296875 0.5271845484375 0.7242517875 0.5412167 0.7286732390624999 0.5348452921875 0.728762909375 0.5343367437500001 0.7168462515625 0.4325405328125
18 0.66640625 0.5203125 0.05 0.028125
23 0.678125 0.50234375 0.0703125 0.034375
26 0.678125 0.47890625 0.0703125 0.0296875
0 0.67109375 0.45546875 0.065625 0.0328125
7 0.6703125 0.434375 0.0671875 0.0265625
12 0.66640625 0.4109375 0.0609375 0.0265625
17 0.6640625 0.38984375 0.0671875 0.0296875
9 0.66171875 0.36796875 0.0625 0.0296875
1 0.6609375 0.3484375 0.0671875 0.025
5 0.6546875 0.3296875 0.0640625 0.03125
2 0.653125 0.309375 0.0640625 0.0265625