19 0.4912871140625 0.4316090234375 0.46339320624999997 0.43339436718749996 0.461615853125 0.44447349531249997 0.470551503125 0.53915623125 0.4783534453125 0.6092857 0.47932510937500006 0.610099021875 0.5091965984375 0.6076643515625 0.4980471125 0.4339442359375 0.4912871140625 0.4316090234375
18 0.48195002308267326 0.4427072131100795 0.022275043502986057 0.01731476502711473
23 0.4800420309664579 0.457541872751 0.028525043502986236 0.017351126463433175
26 0.48124085505465236 0.4731759631100796 0.028488675911805574 0.015788626463433174
0 0.4816220615516663 0.49036800828961946 0.030123911094166546 0.018922716822512696
7 0.4836021356398607 0.5060066438282388 0.030087543502986237 0.017360216822512698
36 0.4840015259324648 0.5224174390077787 0.028525043502986236 0.017351126463433175
20 0.48594523242947874 0.539618574546398 0.030087543502986237 0.017360216822512698
1 0.48636280651767316 0.5552481197259379 0.0284159407294446 0.012663626463433175
7 0.48914231440145783 0.5701100504440971 0.026962543502986058 0.017342036104353475
7 0.48954170469406205 0.5865208456236368 0.028488675911805574 0.015788626463433174
7 0.4907405287822565 0.6021549359827165 0.028488675911805574 0.015788626463433174