19 0.5265944 0.7658447171875 0.78827653125 0.695819915625 0.760263728125 0.580114825 0.7579011578125 0.573382621875 0.5758172765625 0.6144835640624999 0.42578861874999996 0.6546142390624999 0.4218752890625 0.661188225 0.42397004843749997 0.6785630265625 0.45167888906250003 0.7812563484374999 0.4569424640625 0.7844481140624999 0.49854584375 0.775057178125 0.5265944 0.7658447171875
18 0.45146899200496815 0.6981011528291323 0.059938602262936416 0.09825696846486114
13 0.4842360402095701 0.706677372243924 0.05208974082661779 0.09182513050895835
22 0.5186337661072692 0.7035712092498962 0.052126102262936236 0.09807513050895836
7 0.5546030823640479 0.6989389138470491 0.048982921544777014 0.09487739532659738
12 0.5859167148776051 0.6887287656706602 0.04734769867214013 0.08234102773541671
27 0.6164309166730032 0.6816254336986811 0.05050906010845857 0.08866376291777786
1 0.6625655732888616 0.6756670276385075 0.048955650467538095 0.09018989532659738
9 0.68994568472518 0.6700534604841673 0.05366133118569749 0.09342399810013902
3 0.7228218172387374 0.6598796798989589 0.0457761083130606 0.08074216014423605
9 0.753322383495516 0.6551200979269798 0.04579428903121983 0.08386716014423605