19 0.546875 0.7724609375 0.5546875 0.7744140625 0.6279296875 0.767578125 0.630859375 0.7587890625 0.62890625 0.7353515625 0.6005859375 0.734375 0.5478515625 0.740234375 0.546875 0.7724609375
18 0.5515625 0.75234375 0.00703125 0.01796875
28 0.559375 0.75703125 0.00859375 0.0265625
20 0.56640625 0.75546875 0.0078125 0.0234375
0 0.5734375 0.7546875 0.00703125 0.02421875
2 0.58046875 0.75546875 0.00625 0.025
12 0.5875 0.7546875 0.00703125 0.02421875
16 0.59609375 0.753125 0.009375 0.02578125
1 0.60234375 0.75234375 0.0046875 0.02421875
8 0.60859375 0.753125 0.00703125 0.02578125
2 0.61640625 0.7515625 0.00703125 0.02578125
8 0.6234375 0.7515625 0.0078125 0.02578125