19 0.3877900359375 0.6898390078125 0.40347357500000003 0.695611921875 0.40695285 0.693311075 0.4140917 0.6419506234375 0.4263373828125 0.5585117671875001 0.41982116875 0.5555776046875 0.409333075 0.5536122796875 0.40532410937499996 0.5562634109375 0.391203703125 0.644960240625 0.3859066453125 0.6821153578125 0.3877900359375 0.6898390078125
18 0.39623898944339786 0.6841601080521794 0.017460235389503344 0.015824994668999892
23 0.3975969379012704 0.6724595393857249 0.017432961850553052 0.014262494668999893
26 0.4005037495896676 0.6599959020528157 0.015843188311602675 0.01268181333545435
0 0.4026565848170153 0.6490856740531339 0.015815914772652383 0.01111931333545435
7 0.4047821465054125 0.6366129460534521 0.01746023538950343 0.015824994668999892
12 0.40692134496328497 0.6249214680537702 0.017432961850553142 0.014262494668999893
21 0.4090741801906326 0.6140112400540885 0.01746023538950343 0.015824994668999892
9 0.4111997418790299 0.6015385120544066 0.017405688311602673 0.012699994668999893
6 0.413311666797952 0.5882845340547248 0.017432961850553142 0.014262494668999893
7 0.41543722848634934 0.5758118060550429 0.015843188311602675 0.012681813335454529
5 0.4167951769442217 0.5641112373885884 0.01746023538950343 0.015824994668999892