19 0.345205421875 0.61790285 0.37777215468750003 0.6142201890625001 0.38399356875 0.6102306093750001 0.4102680203125 0.6125677328125 0.5240389890625 0.6057690328125 0.5250961109375 0.604757690625 0.530024465625 0.5395797671875 0.5285964953125 0.5286966078125 0.44907920468749996 0.5259138671875 0.256702878125 0.5396927171875 0.251530178125 0.5426789984375 0.24886585156250002 0.560927221875 0.248766534375 0.6218569234375 0.345205421875 0.61790285
18 0.26517813753972175 0.5513953100668395 0.027508057370694505 0.041088650162155814
23 0.2875616306058676 0.5627185937520596 0.026200130508958353 0.05199887662320535
26 0.3117076454235065 0.5654208538983292 0.024673998100138927 0.053534103084255234
0 0.33661672644555507 0.5688907272751239 0.02456489532659729 0.04884660308425524
7 0.36076274126319396 0.5715929874213936 0.023075130508958354 0.05194432954530477
12 0.38569000608083287 0.5742816107981882 0.024673998100138927 0.05353410308425506
17 0.4106172708984717 0.5769702341749827 0.026236498100139016 0.05356137662320535
1 0.4355081681249301 0.5812213575517773 0.018387630508958353 0.05186250892845372
4 0.46045361673815927 0.5831287309285719 0.026163762917777687 0.050436376623205346
6 0.4845996315557981 0.5858309910748416 0.023111498100139016 0.053506829545304765
6 0.5103081463734369 0.588505977682161 0.024673998100139018 0.053534103084255234