19 0.6666479921875 0.3587914046875 0.6615521265625001 0.3536629390625 0.60207476875 0.344694778125 0.5871843109375 0.3454749171875 0.5801735265625 0.34691524218750003 0.52444108125 0.5740445000000001 0.52687453125 0.6437081250000001 0.5797274031249999 0.6512475109375 0.6024131875000001 0.6511154609375 0.6076290421875 0.64592696875 0.64489666875 0.4558908578125 0.6665760015625 0.3649815796875 0.6666479921875 0.3587914046875
18 0.5802695215070601 0.37138137124457593 0.047420470779006865 0.032886911069925695
23 0.5729888555165917 0.4021229397562302 0.05992047077900686 0.033323420688572546
26 0.5780854586008469 0.42539674864923765 0.06296365016215581 0.02874504809323426
0 0.5864025190714282 0.4540301801375833 0.058303423701106104 0.030143856986241602
7 0.5930888956946336 0.47881192532825995 0.05663182954530477 0.023839293283910833
14 0.59985709293469 0.5082811705189365 0.055205697240056396 0.031597229581579886
10 0.605803129866321 0.5354339475607786 0.05978410308425506 0.02551092068857237
0 0.6124622329505762 0.5586531927514551 0.05515115016215581 0.028472229581580067
4 0.617613383112732 0.5850520016444625 0.055096603084255055 0.025347229581580068
9 0.6242315758885615 0.605927496835139 0.053534103084255234 0.025292665879248943
2 0.6293690892812421 0.6315450557281466 0.05356137662320552 0.026855165879248945