19 0.7197265625 0.779296875 0.4404296875 0.830078125 0.43359375 0.8349609375 0.4375 0.9169921875 0.4404296875 0.919921875 0.44921875 0.9189453125 0.7294921875 0.86328125 0.736328125 0.8564453125 0.732421875 0.8037109375 0.734375 0.7841796875 0.7294921875 0.779296875 0.7197265625 0.779296875
18 0.45390625 0.86640625 0.0265625 0.04765625
23 0.48046875 0.87109375 0.028125 0.05625
26 0.5046875 0.865625 0.025 0.05546875
0 0.534375 0.859375 0.02421875 0.05390625
7 0.56171875 0.8546875 0.0234375 0.05390625
12 0.5890625 0.8484375 0.0234375 0.05078125
16 0.61484375 0.84375 0.02421875 0.05078125
6 0.64140625 0.8390625 0.021875 0.05234375
4 0.66796875 0.834375 0.0234375 0.05390625
8 0.69140625 0.82890625 0.021875 0.05
6 0.7171875 0.82421875 0.021875 0.0515625