19 0.7037587796875 0.337480275 0.7032071015625 0.33693707968750003 0.658661015625 0.33563973593749996 0.6516178125 0.3395105625 0.6562213875 0.5374797671875 0.658920140625 0.623870978125 0.6614953531250001 0.6682218703125 0.666651775 0.673299 0.67455779375 0.6734372093750001 0.7140160171875001 0.6732860781250001 0.711109659375 0.5483028671875 0.7037587796875 0.337480275
18 0.6825242129136878 0.653495566787495 0.028288626463433175 0.02943494292790554
17 0.6878520623479538 0.6295315279123656 0.03766362646343317 0.029871590570540542
28 0.6892509358845207 0.6014793025194713 0.04390453610435348 0.028600188998963993
2 0.6874975383438487 0.5685940279123656 0.0392352168225127 0.031506865177646406
9 0.6873339118804156 0.5404690279123655 0.0376727168225127 0.03143409057054054
10 0.6879333546988232 0.5092554152159184 0.039217036104353474 0.028381865177646404
31 0.6862026830558502 0.4802763906088126 0.04391362646343318 0.030162688998963995
9 0.685239625874258 0.4489900033052597 0.03766362646343317 0.029871590570540542
1 0.685071454231285 0.42008375330525966 0.040770445745273776 0.026892139784752266
3 0.6825549874087723 0.39028709139460094 0.0314227168225127 0.031142992142117177
3 0.6847123850476401 0.35836500330525967 0.040788626463433175 0.03001713978475227