19 0.693359375 0.2314453125 0.69140625 0.2236328125 0.6162109375 0.23828125 0.5673828125 0.2421875 0.4931640625 0.2421875 0.484375 0.2626953125 0.46875 0.3701171875 0.4716796875 0.37890625 0.482421875 0.3779296875 0.5751953125 0.34765625 0.6630859375 0.328125 0.669921875 0.3193359375 0.67578125 0.2998046875 0.6875 0.2431640625 0.693359375 0.2314453125
18 0.49296875 0.29296875 0.025 0.05703125
31 0.5140625 0.30546875 0.03203125 0.08515625
26 0.53359375 0.30078125 0.02734375 0.0875
8 0.5546875 0.29609375 0.02890625 0.075
0 0.5734375 0.29296875 0.02734375 0.08515625
12 0.59296875 0.28671875 0.028125 0.0734375
23 0.609375 0.2859375 0.03125 0.0765625
9 0.62578125 0.28203125 0.0296875 0.0796875
8 0.64140625 0.27734375 0.028125 0.0703125
3 0.65859375 0.275 0.0265625 0.0734375
4 0.675 0.2734375 0.02734375 0.06953125