19 0.7595154468749999 0.24001985937499998 0.7051878578124999 0.2494390234375 0.7023068484375 0.2548611640625 0.7030059718749999 0.2668585484375 0.7067817890625 0.32166105625 0.716076953125 0.43620565312500004 0.7434146875 0.664836615625 0.7491682390625 0.670012909375 0.797393553125 0.66967771875 0.80440143125 0.6743775828125 0.8253172296875 0.6730379171875 0.8331750250000001 0.6623454625 0.832703221875 0.6533472046875 0.8056233140625 0.42932371406250003 0.7912820859374999 0.2394513125 0.7810402578125 0.23231905937500003 0.770106 0.2328918453125 0.7595154468749999 0.24001985937499998
18 0.7584189391003051 0.2654763696784729 0.048238923198680436 0.047966027735416715
16 0.7744471043814267 0.305720163181459 0.060511602665566856 0.04044446846486114
20 0.7732423055559255 0.347126413181459 0.06037521034569906 0.035756968464861136
1 0.7729551490502926 0.38386334697704927 0.05407974623907634 0.03404899810013902
5 0.7742304925446596 0.4206366483638201 0.06046613855894432 0.03888196846486132
12 0.7745199975592245 0.46442301595500074 0.058949102665567035 0.04040810087368065
10 0.7773805731069029 0.5004514349329521 0.060511602665566856 0.04044446846486114
0 0.7747723986545811 0.5363525673417715 0.0604206744523216 0.03731946846486132
2 0.7760022780423255 0.5746883687285423 0.0572956744523216 0.037246733282499986
5 0.7733486394833811 0.6121520011373618 0.06042067445232178 0.03731946846486114
4 0.7761410188711254 0.6505241701153132 0.06037521034569906 0.035756968464861136