19 0.4482421875 0.484375 0.4375 0.4873046875 0.4375 0.5146484375 0.4404296875 0.521484375 0.48828125 0.5205078125 0.6064453125 0.51953125 0.61328125 0.5166015625 0.61328125 0.4853515625 0.6103515625 0.482421875 0.5654296875 0.482421875 0.4482421875 0.484375
18 0.446875 0.4984375 0.015625 0.0203125
23 0.4609375 0.5015625 0.015625 0.0265625
26 0.4765625 0.5015625 0.0140625 0.025
0 0.49375 0.50234375 0.01484375 0.028125
7 0.509375 0.50078125 0.01328125 0.0265625
36 0.525 0.5015625 0.015625 0.0265625
20 0.5421875 0.5015625 0.0140625 0.02578125
1 0.5578125 0.5015625 0.0109375 0.0265625
7 0.571875 0.5 0.01484375 0.02421875
7 0.58828125 0.5 0.01484375 0.02578125
7 0.60390625 0.5 0.0140625 0.02734375