19 0.341233384375 0.7931750109375 0.34762991875 0.798589590625 0.4087115296875 0.7837728671875 0.5380009078125 0.7467529953125001 0.5611652609375 0.7382441656250001 0.5648226890625 0.7298903250000001 0.5542575609375 0.6767835734375 0.538589665625 0.678242090625 0.5011672015624999 0.6933451171875 0.42676786718750004 0.7150956515625 0.341140665625 0.733884696875 0.3292336109375 0.7403435828125 0.33763454375 0.7825717734375 0.341233384375 0.7931750109375
18 0.5478190292871006 0.7034686264271033 0.033542840343633175 0.04502333992388792
26 0.5291951820460625 0.7167007968833387 0.029101001809022264 0.04951983893530461
11 0.5093773270031084 0.7229653843357686 0.03362472749876275 0.046585839923887915
1 0.4886144476498947 0.7323868052862956 0.0291828889641522 0.0510823389353046
1 0.4672750361845054 0.73793380973492 0.03049972749876275 0.046458505931498986
12 0.44910156829668113 0.7425722301911554 0.032144114653892684 0.04808467292769336
36 0.4302287375639865 0.7456799841454881 0.033788501809022264 0.04971083992388792
2 0.4096705760985972 0.7511951550960152 0.03222600180902226 0.04964717292769336
9 0.3899755517883377 0.7551159925484452 0.028937227498762753 0.046394838935304605
5 0.36785489032294844 0.7606948304951666 0.029019114653892508 0.04795733893530461
4 0.349681422435124 0.7653332509514021 0.03198034034363299 0.04495967292769336