19 0.533754728125 0.6573958656250001 0.531904665625 0.6470983328125001 0.49679937812499997 0.651201553125 0.4380288796875 0.658990390625 0.387252946875 0.7634600359375 0.3217430484375 0.922930534375 0.3245945296875 0.9473265140624999 0.3967731875 0.9445660890625 0.4205223828125 0.94318285625 0.430145346875 0.93412985 0.477629384375 0.792033634375 0.5233916328125 0.6759133828125 0.533754728125 0.6573958656250001
18 0.36643893771364977 0.6891484503830761 0.06184678213245363 0.03302310015828454
23 0.3695555775262354 0.7156427542231422 0.0744831744523217 0.03807431301126592
26 0.3843455032321983 0.740233577263538 0.06965928213245362 0.03325042069139794
0 0.4039138571514066 0.7678130079840658 0.0695683539192082 0.030125420691397942
7 0.41874924696399213 0.7939663310244617 0.07434678213245363 0.03338681301126591
36 0.43193120856333234 0.8170401181714801 0.07747178213245362 0.033477741224511706
17 0.4490648842692952 0.8415627450519422 0.07742631802583091 0.03191524122451135
1 0.46686614970870144 0.8621563898790925 0.06947742570596294 0.02700042069139812
1 0.4793123254146643 0.8868154090794225 0.07117631802583091 0.03173338479802083
8 0.4939203946941365 0.9051562321198183 0.07113085391920819 0.030170884798020835
9 0.508619392186854 0.9266220551602142 0.06318196159934023 0.02525606426490725