19 0.23889848749999998 0.670764271875 0.23990154062500002 0.6710609562500001 0.267735340625 0.6652111046875 0.2927923890625 0.6572999421875 0.29541043437500003 0.6533059109375 0.2891220875 0.6232329046875 0.2659843796875 0.5210212140625 0.2622832 0.518734375 0.209623021875 0.5329609843750001 0.208587734375 0.534540396875 0.2194180421875 0.6047956828125 0.225358378125 0.6305989984375 0.23889848749999998 0.670764271875
18 0.26372569410786956 0.6550833717552368 0.02713550296574958 0.014526150162155815
23 0.2562951960850359 0.6458447394499884 0.03670150395433271 0.01937729139585791
26 0.25449261555268826 0.632604399758414 0.03507533695813834 0.017787517856907444
0 0.2533439510279518 0.6224754232973643 0.03670150395433271 0.01937729139585791
9 0.2522589534994098 0.6107839468363145 0.03663783695813834 0.01781479139585791
33 0.2519870394689649 0.5982975836057898 0.036765170950527094 0.020939791395857908
17 0.2517787924347144 0.5842487203752651 0.03520267095052709 0.020912517856907443
4 0.2499443784042695 0.5717896306836906 0.03663783695813834 0.01781479139585791
0 0.2480462973776303 0.5608930409921161 0.03670150395433271 0.01937729139585791
9 0.24702496684528263 0.5476390645310664 0.03995383794672147 0.02255683847375849
4 0.24597180281483774 0.5351663380700167 0.03657416996194396 0.01625229139585791