19 0.5083695109375 0.57559776875 0.50899544375 0.5898781484375 0.5189645765625001 0.593378753125 0.6483702390625 0.5833188015624999 0.6618873093750001 0.5811002578125 0.665417425 0.5616813109375001 0.663374909375 0.5471659203125 0.663304846875 0.5470863031250001 0.6364689671875 0.5473813859375001 0.521036578125 0.5550261578125 0.5118195515624999 0.5555115734375 0.5093739671875 0.5589950625 0.5083695109375 0.57559776875
18 0.5172917483555375 0.5839253122438903 0.019568455534962937 0.02431079528527036
17 0.5329440302067029 0.5839788161728316 0.019623019237293704 0.02587329528527036
28 0.5460888709508758 0.5794539820124319 0.018005955534962936 0.02423802067816432
2 0.5592882753973795 0.5764916478520321 0.018115082939624473 0.027363020678164318
6 0.5724876798438833 0.5735293136916324 0.016498019237293705 0.025727746071058634
14 0.584905834290387 0.5706033668347855 0.018115082939624473 0.027363020678164318
21 0.5972694250345598 0.5661149199779386 0.01638889183263199 0.02260274607105863
9 0.611277361332229 0.5638974485139859 0.018115082939624473 0.027363020678164495
7 0.6228869839275673 0.5602266389606919 0.01967758293962447 0.02743579528527036
8 0.6368130746717402 0.5556654174967393 0.018005955534962936 0.024238020678164496
7 0.6484226972670784 0.5519946079434452 0.016498019237293705 0.025727746071058634