19 0.7106242828125 0.5623123265625 0.6879966140625 0.4946916984375 0.68347545625 0.490372596875 0.6605783921875 0.4969284 0.6492081468750001 0.5046747500000001 0.559858021875 0.539238878125 0.44801378124999996 0.5735071390625001 0.44324624687499997 0.5849766125 0.46531438124999996 0.6505120109375 0.4681573 0.6532278734375 0.5084508953125 0.6419436453125 0.7068192343749999 0.56901535625 0.7106242828125 0.5623123265625
18 0.6857667666205908 0.5437089520989358 0.0370648953265972 0.0494831744523216
31 0.6655815531897227 0.5497687354850307 0.03713763050895835 0.05260817445232178
26 0.6437429207809032 0.5519677329777481 0.030923998100139016 0.05398881802583091
9 0.620487258736806 0.5604621945770883 0.030705792553055743 0.044613818025830906
3 0.5979401115103478 0.5658089241231172 0.03553876291777787 0.05100021034569906
11 0.5761014791015283 0.5680079216158348 0.03237739532659738 0.04934678213245362
26 0.5551168318750699 0.573309187055241 0.03397626291777787 0.050954746239076344
6 0.530189567057431 0.5771616127612038 0.027508057370694415 0.04139788981258548
2 0.508441853626563 0.5832668602539215 0.029070557370694416 0.04144335391920819
7 0.48822027260451434 0.5877641436400163 0.030778527735416717 0.04773881802583091
3 0.4656367577868755 0.5915483731860451 0.0356478656913195 0.05568771034569906