19 0.4214060921875 0.835714225 0.440885471875 0.8339695953125 0.4810906859375 0.64006003125 0.4818266109375 0.6068529921875 0.48856105312500003 0.580144075 0.49731956093749996 0.45270792968749995 0.5048558265625 0.4086095171875 0.4964418890625 0.4007042515625 0.45533394843749997 0.3999919640625 0.447194796875 0.40317641875000004 0.44310983437499996 0.420730728125 0.3979906078125 0.805373040625 0.39854018281250003 0.8275524843750001 0.400702978125 0.8309542828125001 0.4214060921875 0.835714225
18 0.48668502843803696 0.4300282524863908 0.04515938730530315 0.050730340343633176
23 0.4855484257724699 0.4690907524863908 0.04663095909205772 0.04768722749876275
26 0.4735652513201483 0.5044550424004826 0.04502299498543501 0.046042840343633
0 0.4646161486545812 0.5431081066248338 0.03881845909205772 0.04727779172311397
7 0.4527466344688163 0.5745661465389256 0.04502299498543501 0.04604284034363317
12 0.4429935497499379 0.6139595171857118 0.041943459092057725 0.04744156603337366
12 0.4355842150310595 0.6534757185651928 0.04359688730530316 0.05064845318850324
1 0.42681696879198316 0.6858787827895442 0.043278638558944496 0.03971095318850324
1 0.41563777639297295 0.7205027662812007 0.03854567445232178 0.03790279172311415
1 0.4075835839939626 0.7552905240831169 0.04019910266556703 0.041109678878243724
2 0.39564587364826354 0.7890923139972086 0.04359688730530316 0.05064845318850324