19 0.3448057109375 0.3510343890625 0.2801892890625 0.3242507765625 0.2673929109375 0.32544830468749997 0.26595990625 0.33186477812500004 0.3010388609375 0.44549380781250003 0.321595559375 0.54109258125 0.3275916 0.5480819828125 0.34519776874999997 0.5553797671875 0.40406957187500003 0.57477774375 0.4085967421875 0.57523441875 0.4174702671875 0.57440400625 0.4184867453125 0.571745615625 0.4042507796875 0.50629145 0.35289271875 0.35788960625 0.3448057109375 0.3510343890625
18 0.34841146807703305 0.35409973964767333 0.04070059471009326 0.02903418977951393
23 0.34615101806291565 0.3690162248300345 0.050530621018452494 0.0370648953265972
26 0.34536206278712633 0.382333842421215 0.04860409997176518 0.030778527735416717
0 0.34254787592718855 0.4011747613991664 0.050530621018452494 0.0370648953265972
7 0.34254017065139925 0.4144741951947567 0.05182010523343701 0.032413762917777866
12 0.3395817706231644 0.4442707979682984 0.050530621018452494 0.03706489532659738
15 0.3389748258707188 0.46071341555947887 0.05356461575678066 0.03557513050895835
5 0.3375789258424839 0.49047365074184 0.05356461575678075 0.03557513050895835
9 0.33701748372087426 0.5076975183330206 0.05338260523343692 0.032450130508958355
0 0.3375558100151161 0.5303719521286109 0.05521812101845249 0.037173998100139015
5 0.3385113652626705 0.5467782021286108 0.05356461575678075 0.03557513050895835