19 0.47909657031249997 0.48430920312500003 0.48296817187499996 0.4938650078125 0.6262522500000001 0.5223547875000001 0.661052809375 0.526851746875 0.6722490703124999 0.460824321875 0.668655778125 0.457489634375 0.5033002 0.4220358828125 0.4989666640625 0.416445059375 0.49965956250000004 0.410497584375 0.4935354546875 0.411718559375 0.487989934375 0.42508831718750006 0.47909657031249997 0.48430920312500003
18 0.49561258567479205 0.46025237179718415 0.03106946846486114 0.060757717535011226
23 0.5152347546527435 0.46324893920836097 0.03106946846486114 0.060757717535011226
26 0.5331853208571532 0.46163078122664364 0.02474673328249999 0.05734161910658777
0 0.5472841884483337 0.46253830976269084 0.0262728656913195 0.05585189371369381
7 0.5614194236306949 0.4650083382987383 0.021585365691319504 0.05563356989237604
12 0.5833489750174656 0.46633324379925617 0.027835365691319502 0.055924668320799495
15 0.5990103426086463 0.46716799772819756 0.027835365691319502 0.055924668320799495
5 0.6209580777910073 0.46927415322871563 0.024710365691319326 0.05577911910658777
9 0.634275695382188 0.47021806906831587 0.023111498100139016 0.054143844499482084
0 0.648410930564549 0.47268809760436314 0.023147865691319502 0.055706344499482086
5 0.6617285481557296 0.4736320134439634 0.027835365691319502 0.055924668320799495