19 0.154296875 0.3544921875 0.158203125 0.4814453125 0.1630859375 0.486328125 0.2099609375 0.50390625 0.326171875 0.5595703125 0.330078125 0.5107421875 0.328125 0.4306640625 0.32421875 0.4150390625 0.2509765625 0.388671875 0.1591796875 0.34765625 0.154296875 0.3544921875
18 0.1625 0.40390625 0.0203125 0.05859375
23 0.178125 0.428125 0.015625 0.090625
26 0.1921875 0.4328125 0.015625 0.090625
0 0.20859375 0.43984375 0.0171875 0.08984375
7 0.221875 0.44609375 0.0140625 0.0890625
12 0.23828125 0.45234375 0.01640625 0.0859375
20 0.25546875 0.4625 0.0140625 0.08671875
2 0.2703125 0.46875 0.01640625 0.0890625
8 0.28515625 0.47578125 0.01640625 0.08828125
6 0.3015625 0.48203125 0.01484375 0.0875
6 0.31796875 0.4890625 0.015625 0.08828125