19 0.4826628046875 0.7615712171875 0.57972456875 0.7332652953125 0.69057089375 0.6976025390625 0.69178711875 0.6953811046875 0.6850179562500001 0.658993328125 0.667918565625 0.5874279109375 0.6677957359375 0.5873636531249999 0.656766921875 0.5903632734375 0.626724178125 0.6016776609375001 0.5949341312499999 0.60718058125 0.5751109343749999 0.6125721000000001 0.5630393812500001 0.6177999703125 0.3920040109375 0.663001478125 0.41841130781249997 0.775692303125 0.4826628046875 0.7615712171875
18 0.4293588271786767 0.7319013270351256 0.044149975799503235 0.07053267589344295
23 0.459795760921898 0.7251910706093349 0.04885565651766246 0.07384867688202608
26 0.4847775802037388 0.7210473986702246 0.036337475799503235 0.07021434091247088
0 0.5050491735878806 0.7131884777196975 0.036319295081343836 0.06708934091247087
6 0.5253253121515621 0.7061108067691705 0.03789997579950324 0.07027800790866542
12 0.553404860356164 0.6971523008376714 0.03947156615858276 0.07190417490485981
10 0.5791497489198455 0.6898517954004639 0.04259656615858276 0.07203150889724856
5 0.607238387483527 0.6824557894689649 0.03948065651766246 0.07346667490485981
5 0.6282912308676687 0.6745650350203406 0.03789088544042354 0.06871550790866543
2 0.6477861194313503 0.6675191975679107 0.03946247579950324 0.0703416749048598
8 0.6688435079950319 0.6604096931192864 0.03946247579950324 0.0703416749048598