19 0.2978515625 0.728515625 0.291015625 0.7333984375 0.2958984375 0.75390625 0.318359375 0.7529296875 0.3974609375 0.744140625 0.400390625 0.7353515625 0.396484375 0.7216796875 0.3935546875 0.71875 0.3759765625 0.71875 0.2978515625 0.728515625
18 0.2984375 0.73828125 0.0125 0.0140625
23 0.3078125 0.74140625 0.01171875 0.01953125
26 0.31640625 0.73828125 0.009375 0.01640625
0 0.328125 0.7390625 0.0125 0.01875
7 0.33515625 0.73828125 0.0109375 0.0171875
12 0.34609375 0.73515625 0.0109375 0.01796875
20 0.35546875 0.7359375 0.009375 0.021875
8 0.36484375 0.734375 0.009375 0.0171875
5 0.37265625 0.7328125 0.01171875 0.01953125
2 0.3828125 0.73203125 0.01015625 0.01953125
2 0.3921875 0.73125 0.01015625 0.01875