19 0.4912109375 0.7109375 0.486328125 0.7177734375 0.490234375 0.7607421875 0.4931640625 0.765625 0.5 0.7646484375 0.6455078125 0.728515625 0.650390625 0.7236328125 0.650390625 0.7138671875 0.64453125 0.6787109375 0.6376953125 0.677734375 0.4912109375 0.7109375
18 0.49921875 0.73125 0.0203125 0.03046875
23 0.5140625 0.7359375 0.01875 0.04296875
26 0.52890625 0.73046875 0.01640625 0.0390625
0 0.54296875 0.7265625 0.015625 0.034375
7 0.55546875 0.7234375 0.01484375 0.034375
12 0.571875 0.7203125 0.0171875 0.03515625
21 0.58515625 0.7171875 0.01875 0.03828125
7 0.59765625 0.71328125 0.01171875 0.040625
3 0.61171875 0.7109375 0.0125 0.0375
5 0.625 0.70859375 0.01640625 0.03828125
0 0.6390625 0.70390625 0.0125 0.03359375