19 0.6280241125 0.315821228125 0.627959184375 0.3152711640625 0.62658524375 0.314255128125 0.6166547640625 0.31610722812500003 0.5695665546875001 0.3262808046875 0.5649939125000001 0.332242640625 0.565504965625 0.337243021875 0.5931967640625 0.571843278125 0.6200416734374999 0.566836528125 0.6383081484375001 0.562113565625 0.6435721671875 0.55696555625 0.6280241125 0.315821228125
18 0.5891462336637497 0.3377887127820095 0.03019664627652787 0.023257717535011223
23 0.6011189035916316 0.3598627659251627 0.047529616641249994 0.03030823821317572
26 0.6037711249062843 0.380029716710951 0.04589438145888884 0.027110463606069855
0 0.6047699272429858 0.40417569210384513 0.041206881458888844 0.026892139784752266
7 0.6082033985576386 0.4243062555860805 0.04425914627652787 0.023912688998963993
12 0.6092385684855204 0.4468897309789746 0.042769381458888846 0.02696491439185813
11 0.6126538560045829 0.4678015444612099 0.042769381458888846 0.02696491439185813
6 0.6136890259324648 0.49038501985410415 0.03957164627652787 0.023694365177646403
6 0.6171224972471177 0.5105155833363394 0.042696646276527875 0.02383991439185813
7 0.6173764171749996 0.5331354460327866 0.04124324905006951 0.028454639784752444
9 0.6207917046940621 0.5540472595150219 0.03960801386770836 0.025256865177646404