19 0.7003198703125 0.3741660046875 0.785721534375 0.638529509375 0.786449809375 0.6392165999999999 0.90388199375 0.635799671875 0.9023572625 0.58339803125 0.8161694359375 0.3446434296875 0.8127628640625 0.34142949375 0.6967908625 0.341508175 0.69450125 0.3530346171875 0.7003198703125 0.3741660046875
18 0.8277192040499524 0.3583871872215506 0.07708975867281787 0.04620338534372674
23 0.8250578280553611 0.3982672998886415 0.06279090133672724 0.025727253341817757
26 0.8190714573917701 0.42099627522282324 0.06429885733609061 0.0210579346753633
0 0.8146294053946335 0.4421445692234596 0.06896817600254543 0.019549978675999568
7 0.8070896253978151 0.4656729758911869 0.06280908267027244 0.027289753341817758
12 0.8012214334022696 0.4985582012253686 0.0721477200031817 0.024273841343090474
15 0.798341881405133 0.5196883138924594 0.0737102200031817 0.024292022676635838
1 0.7886219834102237 0.5573064925605049 0.06119203866963634 0.022584072008272216
4 0.7872685687459964 0.5752934238940502 0.0752727200031817 0.02431020401018138
6 0.7789020854153144 0.5949246712285502 0.07525453866963616 0.02274770401018138
4 0.7752594647517232 0.6176263745624139 0.07534544533736351 0.03056020401018138