19 0.33984375 0.7060546875 0.3447265625 0.71484375 0.61328125 0.7158203125 0.6552734375 0.71484375 0.66015625 0.7099609375 0.6591796875 0.6640625 0.3427734375 0.662109375 0.33984375 0.6650390625 0.33984375 0.7060546875
18 0.359375 0.6828125 0.02578125 0.02734375
17 0.38203125 0.6890625 0.0265625 0.03671875
28 0.40859375 0.690625 0.025 0.04140625
2 0.43984375 0.68984375 0.028125 0.03671875
9 0.46640625 0.690625 0.02734375 0.0359375
10 0.496875 0.69140625 0.025 0.03671875
31 0.52421875 0.690625 0.028125 0.03984375
9 0.55390625 0.690625 0.028125 0.0359375
1 0.58125 0.690625 0.0234375 0.0375
3 0.60859375 0.6890625 0.02734375 0.03046875
3 0.6390625 0.6921875 0.025 0.03828125