19 0.3173828125 0.697265625 0.4169921875 0.744140625 0.4296875 0.7470703125 0.431640625 0.6845703125 0.4287109375 0.681640625 0.3212890625 0.638671875 0.31640625 0.6396484375 0.314453125 0.6923828125 0.3173828125 0.697265625
18 0.325 0.671875 0.01171875 0.04375
23 0.33515625 0.67578125 0.0109375 0.05078125
26 0.34375 0.684375 0.00546875 0.05703125
0 0.353125 0.68125 0.009375 0.04375
7 0.3625 0.6875 0.0109375 0.04296875
12 0.3734375 0.690625 0.01171875 0.04921875
14 0.38359375 0.6984375 0.01015625 0.0453125
9 0.3953125 0.70078125 0.0078125 0.046875
1 0.4046875 0.70390625 0.0109375 0.0375
3 0.4125 0.7078125 0.0078125 0.03828125
5 0.4203125 0.7125 0.0140625 0.03984375