19 0.431640625 0.6552734375 0.4296875 0.6923828125 0.4326171875 0.69921875 0.4921875 0.7001953125 0.5849609375 0.69921875 0.587890625 0.6962890625 0.58984375 0.6591796875 0.5869140625 0.654296875 0.5439453125 0.65234375 0.431640625 0.6552734375
18 0.43984375 0.67109375 0.01796875 0.028125
23 0.4546875 0.67734375 0.01484375 0.03359375
17 0.46875 0.678125 0.01328125 0.03125
1 0.48203125 0.678125 0.01015625 0.03359375
2 0.4953125 0.678125 0.01484375 0.03359375
30 0.509375 0.67890625 0.01484375 0.03515625
17 0.5234375 0.678125 0.01328125 0.03671875
3 0.53828125 0.67734375 0.01328125 0.03046875
6 0.55 0.6796875 0.01328125 0.02890625
0 0.56484375 0.67734375 0.0125 0.0296875
5 0.57890625 0.6765625 0.01484375 0.034375