19 0.471351575 0.8193807328125 0.4727663 0.8183115796875 0.4752813265625 0.7916394875 0.4725211140625 0.7881327875 0.3129697484375 0.7530951890625001 0.3024366796875 0.7553621203125 0.29856305625 0.7772671046874999 0.3012062078125 0.7828606046875 0.30919924375 0.7863087765625 0.41614555624999994 0.8097434921875 0.471351575 0.8193807328125
18 0.309527359658689 0.7720984865438744 0.017778533386094787 0.021213258706427318
23 0.32455296608517975 0.779126414517607 0.019477425705962937 0.025982645861557074
26 0.33941944813849106 0.7806855924913396 0.017960389812585565 0.027463258706427317
0 0.3550671801918024 0.7822857140426371 0.017914925705962936 0.025900758706427142
7 0.36993366224511376 0.7838448920163698 0.019477425705962937 0.025982645861557074
36 0.3871438942984251 0.7855269007227971 0.019522889812585653 0.027545145861557076
16 0.40285982251167046 0.7894707722740945 0.019477425705962937 0.025982645861557074
7 0.41768084045835907 0.7894674502478273 0.01786946159934022 0.02433825870642714
8 0.43415528661829317 0.7926710153766896 0.01943196159934022 0.024420145861557073
5 0.4490217686716044 0.7942301933504223 0.01786946159934022 0.024338258706427317
0 0.4654962148315385 0.7974337584792845 0.019477425705962937 0.025982645861557074