19 0.16546384218750002 0.6876718171875 0.169756921875 0.6885477843750001 0.1727610484375 0.6887336562499999 0.3458027390625 0.66498219375 0.3494792078125 0.6607273328125001 0.3549565703125 0.623806846875 0.3544749453125 0.5996845140625 0.34711409375 0.597493565625 0.342383978125 0.596667665625 0.1727514140625 0.6168323515624999 0.165280096875 0.687222859375 0.16546384218750002 0.6876718171875
18 0.33816973274644085 0.6789633360196674 0.023239092558271324 0.039826391832631994
23 0.3202555464487717 0.6798983534428625 0.02518353847458741 0.050818455534962934
26 0.30522082349061375 0.6739112482707196 0.02518353847458741 0.050818455534962934
0 0.2884871912766286 0.6639633293962455 0.023675602176918175 0.05232639183263199
7 0.27331605906264345 0.6540699742241023 0.023675602176918175 0.05232639183263199
12 0.2566642724021546 0.6464658053496284 0.02356647477225655 0.04920139183263199
13 0.24162954944399662 0.6404787001774852 0.02356647477225655 0.04920139183263199
7 0.2280481990811769 0.631421158707673 0.02356647477225655 0.04920139183263199
8 0.21139641242068805 0.623816989833199 0.020332347367594837 0.04596726442797028
8 0.19784234390903377 0.6155406983633867 0.02189484736759484 0.04602182813030105
1 0.18278033909971034 0.6087723431912436 0.02049603847458741 0.050654764427970275