19 0.2513925890625 0.5018343140625 0.27681355937499996 0.50953608125 0.2875984609375 0.5089206468749999 0.30770310625 0.51602466875 0.32057173125 0.51570289375 0.3583252484375 0.5242954703125 0.370949740625 0.5263011484375 0.3805072546875 0.5209465546875001 0.4352055953125 0.3919931828125 0.5158692078125 0.2368042734375 0.5140256359375 0.22907075781250003 0.4018709125 0.2111295203125 0.3936621609375 0.21531102500000002 0.25378778125 0.48820869531250005 0.2513925890625 0.5018343140625
18 0.334375 0.49806971266462724 0.0671875 0.040235262174864596
23 0.33125 0.4676555097425279 0.090625 0.04689436525911965
26 0.34375 0.4408748214309252 0.0859375 0.04368754464226861
0 0.35625 0.41331288311932257 0.0796875 0.042015950486467446
7 0.37109375 0.3841475344992943 0.0859375 0.04212504464226861
12 0.38359375 0.3581480961876915 0.08125 0.03891822402541774
14 0.396875 0.3321350211066137 0.0875 0.04371481818121907
3 0.41015625 0.3076844460255358 0.08125 0.035793224025417736
5 0.4234375 0.2824526209444579 0.084375 0.04053527110331832
5 0.4375 0.2587696590939048 0.0796875 0.03732845048646736
3 0.4484375 0.23279749432125244 0.08125 0.035793224025417646