19 0.333984375 0.6611328125 0.333984375 0.6904296875 0.3369140625 0.693359375 0.48046875 0.7099609375 0.484375 0.7021484375 0.484375 0.6728515625 0.4794921875 0.669921875 0.4404296875 0.66796875 0.3388671875 0.654296875 0.333984375 0.6611328125
18 0.3421875 0.67265625 0.01015625 0.02421875
23 0.35390625 0.6765625 0.0109375 0.02578125
26 0.3671875 0.678125 0.01171875 0.02578125
0 0.3796875 0.6796875 0.01171875 0.025
7 0.39296875 0.68125 0.0109375 0.02265625
36 0.40625 0.68359375 0.0125 0.0265625
13 0.41953125 0.684375 0.01171875 0.02578125
1 0.43359375 0.6875 0.0109375 0.0265625
9 0.446875 0.6875 0.0125 0.02421875
2 0.4609375 0.68984375 0.01328125 0.0265625
6 0.475 0.690625 0.01171875 0.02578125