19 0.331429359375 0.8074954296874999 0.3412587671875 0.810726359375 0.487393659375 0.7782074640625 0.49360227500000003 0.7190401453125 0.4919600796875 0.717065065625 0.481897103125 0.717848696875 0.33598589843750004 0.7463956609375 0.331429359375 0.8074954296874999
19 0.8962220328124999 0.5718914093749999 0.8986265015624999 0.5551392671875 0.9007577453125 0.5348287859374999 0.8989267703125 0.5291542703125 0.8156105859375 0.49310716250000003 0.8063911828125001 0.4950610125 0.801580046875 0.5285806078124999 0.8013683640625 0.5310035859375 0.8039760593749999 0.5342136281250001 0.8854207296875 0.5708814203125 0.8962220328124999 0.5718914093749999
18 0.34069951042125507 0.7705649412752755 0.01827877404661713 0.032050520678164315
23 0.35417173337941305 0.7754151071148758 0.020277783665263983 0.044623295285270356
26 0.36971488782591677 0.7723436110438172 0.020223219962933036 0.04306079528527036
0 0.3844495104212551 0.7685272522763116 0.018606156260602268 0.0414255206781645
7 0.3991841330165934 0.7647108935088059 0.02033234736759475 0.04618579528527036
14 0.4139187556119316 0.7608945347413003 0.023348219962933216 0.04320634449948209
10 0.42800853746309714 0.7610208132773476 0.01720734736759475 0.04604024607105863
0 0.4418527826537737 0.7541158418133949 0.016989092558271322 0.03979024607105863
8 0.45664196895144277 0.7518619830458892 0.018606156260602268 0.04142552067816432
5 0.47134930969561567 0.7472643742783835 0.018551592558271324 0.039863020678164315
9 0.4837947459932848 0.7451196774215367 0.01704365626060227 0.041352746071058634
18 0.8089782513507624 0.533561323411542 0.015099210344286362 0.03034247146395259
23 0.8185715061600858 0.5393746757689069 0.013536710344286362 0.030269696856846905
26 0.8263567243089203 0.5382295527333776 0.01526290145127902 0.03502997146395277
0 0.836431128755424 0.5354127677871896 0.01515377404661713 0.03190497146395259
7 0.8450248787554241 0.5350125074481074 0.013645837748947898 0.03339469685684691
12 0.8543453150530933 0.5330133598054722 0.01515377404661713 0.03190497146395277
11 0.8621032513507624 0.5310869867699429 0.015208337748947897 0.03346747146395259
6 0.869833905797266 0.5283793637344136 0.015208337748948253 0.03346747146395277
0 0.8783730920949353 0.5264166033953315 0.013536710344286362 0.030269696856846905
3 0.8869122783926043 0.5244538430562491 0.01671627404661713 0.03197774607105863
8 0.8954514646902736 0.5224910827171669 0.01515377404661713 0.03190497146395277