19 0.4873046875 0.453125 0.3623046875 0.453125 0.361328125 0.5166015625 0.3642578125 0.51953125 0.41015625 0.5185546875 0.5732421875 0.515625 0.576171875 0.5126953125 0.576171875 0.4541015625 0.5712890625 0.44921875 0.5068359375 0.44921875 0.4873046875 0.453125
18 0.3734375 0.48046875 0.0234375 0.0421875
23 0.39375 0.4875 0.01875 0.0453125
17 0.4140625 0.48515625 0.01875 0.04609375
4 0.43203125 0.4875 0.0171875 0.04375
3 0.45 0.4875 0.0171875 0.0421875
12 0.47109375 0.4828125 0.015625 0.0421875
12 0.49140625 0.484375 0.0171875 0.04375
1 0.51015625 0.48359375 0.015625 0.04296875
7 0.52578125 0.48515625 0.01640625 0.04765625
4 0.54609375 0.48359375 0.01640625 0.03984375
5 0.56484375 0.48359375 0.0171875 0.04609375