19 0.4199689359375 0.67060345 0.43394452499999997 0.72164746875 0.43756494687499997 0.7237599343750001 0.7498408265625 0.6441723546875 0.7547770890625001 0.6383838500000001 0.75237238125 0.6179094968750001 0.741871465625 0.5698276328125 0.7374094078125 0.55353055 0.728070884375 0.54662210625 0.7119735265625 0.550941675 0.6635476375 0.5660815265625 0.49555870312500006 0.6090144921875 0.424481771875 0.628087296875 0.41716963749999997 0.6303733593749999 0.413851646875 0.63883985 0.4199689359375 0.67060345
18 0.4382033952296881 0.660591257713933 0.04037173328249999 0.05693183847375849
23 0.46878124800322973 0.6647469237044014 0.04226154160312508 0.07102161201270896
26 0.49607044661645894 0.6619258867727705 0.03750130642076392 0.06781479139585792
0 0.5255579248649658 0.6528139395327139 0.037355836056041626 0.06156479139585791
7 0.5535920058870144 0.6484167658316078 0.03902743882958344 0.06627956493480802
36 0.5823527855222922 0.6416622053610266 0.04375130642076393 0.06792388555165925
15 0.61267606515757 0.634880371351495 0.04226154160312508 0.07102161201270878
4 0.6414186609972574 0.6273445608809137 0.04066267401194459 0.06943183847375849
6 0.6694163744281255 0.6213848871798076 0.03899107123840295 0.06471706493480803
5 0.698158970267813 0.6138490767092263 0.04215243882958344 0.06633411201270878
3 0.7277737350854518 0.6102058794691698 0.04226154160312508 0.07102161201270896