19 0.3798828125 0.595703125 0.373046875 0.6025390625 0.37109375 0.6982421875 0.373046875 0.7138671875 0.3779296875 0.71875 0.6875 0.7236328125 0.69140625 0.6826171875 0.69140625 0.6083984375 0.6884765625 0.603515625 0.4423828125 0.599609375 0.3876953125 0.595703125 0.3798828125 0.595703125
18 0.39140625 0.64375 0.034375 0.08203125
13 0.41796875 0.6578125 0.02890625 0.078125
22 0.44921875 0.66171875 0.02734375 0.0828125
7 0.48203125 0.66484375 0.025 0.08203125
12 0.51171875 0.66171875 0.0265625 0.06875
27 0.540625 0.66171875 0.02890625 0.07578125
1 0.58203125 0.665625 0.02578125 0.078125
9 0.6078125 0.665625 0.0296875 0.07890625
3 0.63828125 0.6640625 0.02578125 0.06875
9 0.6671875 0.665625 0.0234375 0.0703125