19 0.3974609375 0.58984375 0.3740234375 0.58984375 0.369140625 0.5966796875 0.3671875 0.6748046875 0.3740234375 0.681640625 0.685546875 0.6982421875 0.69140625 0.6943359375 0.693359375 0.6748046875 0.693359375 0.6123046875 0.6845703125 0.6015625 0.6201171875 0.6015625 0.3974609375 0.58984375
18 0.3859375 0.6234375 0.028125 0.04921875
23 0.41328125 0.634375 0.0234375 0.0625
26 0.4390625 0.63828125 0.01953125 0.0609375
0 0.46953125 0.63828125 0.0234375 0.05546875
7 0.49609375 0.640625 0.02265625 0.0609375
36 0.525 0.64140625 0.02734375 0.06015625
15 0.5546875 0.64296875 0.02265625 0.06328125
4 0.5828125 0.64296875 0.0234375 0.0609375
6 0.6109375 0.64453125 0.02265625 0.05703125
5 0.6390625 0.64453125 0.02578125 0.059375
3 0.66796875 0.6484375 0.02421875 0.06328125