19 0.7827163515625 0.12436849531250001 0.7667673640625 0.1216215109375 0.7321882015625001 0.1182388265625 0.726977428125 0.1378732640625 0.72663531875 0.1394549203125 0.7086028203125 0.2876704484375 0.7241588875 0.290349759375 0.75463631875 0.2939416703125 0.757532303125 0.2918405359375 0.762566625 0.2691907109375 0.7827163515625 0.12436849531250001
18 0.7481455039783647 0.12881484182669206 0.0315227200031817 0.02471083992388783
23 0.7518790313096829 0.1434994243362061 0.03775453866963616 0.023403007908665386
26 0.7509250586410012 0.1583750078343033 0.036155676002545434 0.020214340912471006
0 0.7483994953055467 0.17409550832859488 0.0377363573360908 0.02184050790866543
7 0.7458830226368651 0.1890347588228865 0.03303067600254543 0.020087006920082206
36 0.7433483686346378 0.20553650931717807 0.0408977200031817 0.025092841901054187
20 0.7408137146324106 0.22203825981146963 0.0361738573360908 0.021776840912471052
1 0.7398506512969563 0.2376950933095668 0.036119313335454525 0.01708934091247105
7 0.7373341786282744 0.25263434380385846 0.0377363573360908 0.02184050790866543
7 0.7332370246260473 0.2691997612943444 0.0393352200031817 0.025029174904859806
7 0.7330552112905929 0.2848247612943444 0.03775453866963616 0.02340300790866543