19 0.4814453125 0.560546875 0.478515625 0.5673828125 0.482421875 0.6005859375 0.4853515625 0.603515625 0.517578125 0.6025390625 0.6435546875 0.59765625 0.6484375 0.5927734375 0.646484375 0.5595703125 0.6435546875 0.556640625 0.5908203125 0.556640625 0.4814453125 0.560546875
18 0.4921875 0.578125 0.01484375 0.0265625
23 0.50703125 0.58046875 0.01484375 0.028125
26 0.52109375 0.58203125 0.01640625 0.03046875
0 0.53515625 0.57890625 0.0140625 0.025
7 0.55 0.57890625 0.01328125 0.02734375
36 0.565625 0.578125 0.0140625 0.02734375
12 0.58046875 0.57890625 0.0140625 0.0265625
2 0.59609375 0.578125 0.01328125 0.02734375
0 0.60859375 0.57734375 0.01328125 0.02734375
0 0.6234375 0.5765625 0.0125 0.02265625
9 0.6375 0.57578125 0.01328125 0.025