19 0.549142096875 0.5318780578125 0.548570009375 0.5213598171875 0.5076293890625 0.5144012421874999 0.40937586093749995 0.510978065625 0.4060149109375 0.5135947562500001 0.40399872031250006 0.531734315625 0.40355151562499997 0.5725865421874999 0.4163234625 0.5773715984375001 0.540680921875 0.5818123625 0.5416268750000001 0.5810758828125 0.549142096875 0.5318780578125
18 0.4139940230277606 0.5324766296505579 0.01836956677218975 0.0414255206781645
23 0.42569004097444924 0.5338036892038518 0.0166706744523216 0.03666524607105863
26 0.43812184481451516 0.5367296360606987 0.01506271034569906 0.03502997146395277
0 0.4497723986545812 0.5396191956139926 0.01657974623907634 0.033540246071058634
7 0.4622042024946472 0.5425451424708394 0.018278638558944314 0.038300520678164494
12 0.4722922563347131 0.5453619274170276 0.018233174452321775 0.03673802067816432
13 0.48472406017477915 0.5482878742738744 0.018324102665567034 0.039863020678164496
1 0.4963518819615338 0.5519586838271684 0.016761602665567032 0.03979024607105863
1 0.5079797037482884 0.5556294933804622 0.016670674452321777 0.03666524607105863
5 0.5196529896416657 0.5577378029337561 0.018324102665567034 0.039863020678164315
1 0.5328433114284203 0.561481387094156 0.0166706744523216 0.03666524607105863