19 0.643809915625 0.29807525 0.6040140218750001 0.29571264531249997 0.5647688515625 0.30056605468750003 0.5635665140625 0.30212494218749997 0.5587220671875001 0.48695894375000004 0.5534550312500001 0.5648489671875 0.55696310625 0.584227609375 0.5593592703125 0.5861224296875001 0.621882234375 0.5903258265625 0.62547513125 0.5900098796875 0.63825553125 0.58620006875 0.65731490625 0.3298360765625 0.6521985906250001 0.301573509375 0.643809915625 0.29807525
18 0.6152936731410609 0.57109375 0.050439615756780756 0.034375
23 0.6027635810618035 0.54375 0.0630306210184525 0.0359375
26 0.6021342495058899 0.51953125 0.06753611049510884 0.0328125
0 0.6036211547957965 0.49140625 0.05972361049510884 0.0328125
7 0.6053355732398829 0.4671875 0.059450594710093264 0.028125
14 0.6052144758989536 0.43828125 0.05981461575678075 0.034375
10 0.6051388811888604 0.41015625 0.059359589448421346 0.0265625
0 0.6062085575254545 0.38828125 0.05485409997176518 0.0296875
4 0.6070052180770331 0.36171875 0.054581084186749604 0.025
9 0.6081203970444631 0.340625 0.05476309471009326 0.028125
2 0.6081813102268776 0.31484375 0.05641659997176518 0.0296875