19 0.4585178046875 0.6194176796875001 0.4478468203125 0.6238350421875001 0.44891996562500003 0.687338315625 0.44936509999999996 0.691796953125 0.4565981359375 0.6993477171875 0.6395174109374999 0.768448865625 0.6576777578125 0.765590140625 0.65826876875 0.7589734359375 0.6578769265625 0.7240362734375 0.6552097890625 0.689005571875 0.6534796953125 0.6829299265625 0.5840199046875 0.6643501921875 0.4585178046875 0.6194176796875001
18 0.48301390779420866 0.7455449575995174 0.03787270472226432 0.06602779172311415
23 0.506515040307766 0.7333791502725712 0.031568162567786474 0.056325243102595124
26 0.5253241276417835 0.722240254411014 0.02059430113146803 0.04950203301668665
0 0.5386690101553409 0.7106067135924112 0.022156801131468208 0.049583920171816585
6 0.5535582119507388 0.7020162856186787 0.01903180113146803 0.049420145861557074
12 0.5723854800029157 0.6877523897571216 0.01748748184962743 0.05246325870642732
10 0.5888462721573934 0.6775175746282592 0.023719301131468206 0.049665807326946164
5 0.6029678594914109 0.6666243402320914 0.020630662567786652 0.05575203301668683
5 0.6155314920049682 0.6550317429910534 0.015888620413308983 0.04613137155129756
2 0.6288491034412866 0.6480857021724505 0.02214771077238851 0.048021420171816584
8 0.6390553504162246 0.6389596856641071 0.017460210772388508 0.04777575870642732