19 0.3349621109375 0.51085880625 0.329762746875 0.5050268421874999 0.26329374375 0.5157997734374999 0.2585495671875 0.5196338671875 0.21270296093750002 0.7194337749999999 0.212933478125 0.72432885625 0.3056195265625 0.711965953125 0.3178566921875 0.6077637578124999 0.3349621109375 0.51085880625
18 0.2529781847232121 0.525817521506734 0.069007605233437 0.03437930810555194
23 0.25492011632147804 0.5459844722925222 0.06882559471009327 0.031254308105551944
26 0.2600325505505799 0.5652246238640988 0.05917757892507769 0.026130160462916763
0 0.2626192242563381 0.5876989373463342 0.05770608418674961 0.02761988585581072
7 0.26699591111627596 0.6061942262214636 0.06515456314006211 0.021733758891340216
12 0.2745431006070497 0.6237627158823814 0.05752407366340586 0.0244948858558109
20 0.2805277900978234 0.6414039801504051 0.058904563140062205 0.021442660462916763
9 0.28577673221943306 0.6583003817219817 0.054308068401734036 0.022786836641599174
6 0.2903809322335505 0.6728894205971112 0.05118306840173403 0.022641287427387448
1 0.29337712961683204 0.6883324840793466 0.055688557878390374 0.019734611248705035
7 0.2979813296309494 0.7029215229544761 0.05908657366340586 0.024567660462916762