19 0.5750623499999999 0.5453367 0.4982659984375 0.41369367187500006 0.4122585890625 0.2459798109375 0.3027192078125 0.245570628125 0.2939663125 0.25133084375000003 0.24409744687499998 0.2552498734375 0.23895940000000002 0.287982859375 0.4177800875 0.5456510203125 0.4816274296875 0.5516651953125 0.557330515625 0.5497091859375 0.5750623499999999 0.5453367
18 0.3355855292242885 0.4964531991331585 0.08349433847375849 0.04291955417661057
23 0.33840656615591946 0.4690002872224996 0.11641593262955982 0.050697820925833526
26 0.3590463486233236 0.44930421733012355 0.1100568384737585 0.044156722497410074
0 0.38530488555495446 0.4207596863128769 0.09758411201270886 0.04513702564056317
7 0.4083020547918337 0.40017320450984195 0.10693183847375849 0.04401117328319835
12 0.431381044645564 0.374899222706807 0.0928420649348082 0.04179370181924558
21 0.45517310065191835 0.35349510360021913 0.09596706493480803 0.0419392510334573
2 0.47201572727512386 0.3277309702256076 0.10070911201270896 0.045282574854774896
3 0.49494471266462725 0.3110507384225727 0.0912795649348082 0.04172092721213971
5 0.5156117686709816 0.28979216853019657 0.0943772913958579 0.04030397642635144
4 0.5354839379078609 0.26935123594137333 0.09127956493480802 0.04172092721213971