19 0.8676396125 0.6787994562499999 0.8677498140625 0.6783234499999999 0.8696441703125 0.5854699906249999 0.8626265875 0.5827219671874999 0.8270622578125 0.5852085875 0.6754400203125 0.5993575703125 0.6688074281249999 0.638216415625 0.6687100734375 0.6877263671875 0.6883313875 0.692364228125 0.85785543125 0.688344725 0.8676396125 0.6787994562499999
18 0.8660770562978296 0.619861628211949 0.02687157220870695 0.05327953610435347
23 0.8513014839909268 0.6314940198006926 0.034720433645025396 0.059574987899751616
26 0.837234438811387 0.630630956568976 0.03157725292686635 0.056431807181592394
0 0.8192884147090858 0.6344326674395605 0.03157725292686635 0.05643180718159222
7 0.802100914709086 0.6343326734896847 0.033167024004104914 0.06112839754067192
36 0.7857219357863248 0.6389247247193486 0.033167024004105095 0.0611283975406721
17 0.7677668213249442 0.641163935589933 0.033176114363184794 0.06269089754067192
1 0.745896366504484 0.6418179205628184 0.025345433645025395 0.05952044574527395
1 0.7287179568635637 0.6432804266129427 0.025345433645025395 0.05952044574527378
8 0.7107719327612626 0.647082137483527 0.030051114363184795 0.0626727168225127
9 0.6920310231203424 0.6485355531745716 0.030051114363184795 0.0626727168225127