19 0.41796875 0.5634765625 0.419921875 0.6025390625 0.431640625 0.6025390625 0.5048828125 0.580078125 0.509765625 0.5751953125 0.5078125 0.5322265625 0.5009765625 0.529296875 0.4208984375 0.55078125 0.41796875 0.5634765625
18 0.42578125 0.57109375 0.009375 0.02734375
23 0.43359375 0.5734375 0.009375 0.03515625
26 0.44140625 0.57421875 0.009375 0.03828125
0 0.45 0.57109375 0.0078125 0.03671875
7 0.4578125 0.56875 0.00703125 0.03828125
36 0.46484375 0.56640625 0.01015625 0.03828125
16 0.4734375 0.56328125 0.0078125 0.03515625
9 0.48046875 0.5609375 0.00703125 0.0328125
9 0.48828125 0.559375 0.00859375 0.03515625
1 0.49609375 0.55859375 0.0078125 0.03515625
8 0.50390625 0.55625 0.0078125 0.03515625