19 0.4599609375 0.55859375 0.45703125 0.5615234375 0.458984375 0.5986328125 0.4609375 0.6044921875 0.466796875 0.6064453125 0.5888671875 0.556640625 0.591796875 0.5537109375 0.58984375 0.5146484375 0.5771484375 0.515625 0.5146484375 0.541015625 0.4599609375 0.55859375
18 0.46796875 0.57734375 0.01328125 0.0265625
23 0.48046875 0.578125 0.0140625 0.03125
26 0.4921875 0.575 0.0125 0.03125
0 0.50625 0.56875 0.01171875 0.0296875
7 0.5171875 0.56484375 0.01015625 0.0328125
12 0.53046875 0.56015625 0.0109375 0.028125
15 0.540625 0.5546875 0.0109375 0.03046875
8 0.55234375 0.55078125 0.009375 0.0296875
7 0.5625 0.54609375 0.0109375 0.0296875
4 0.57578125 0.53984375 0.0109375 0.02734375
7 0.584375 0.53828125 0.01015625 0.0328125