19 0.3685709765625 0.6546475015625 0.350597840625 0.6511136171875 0.34551367499999996 0.6528753984375 0.3411248171875 0.6687300328125 0.33347979375 0.700656046875 0.4947669015625 0.7334058 0.49785317500000004 0.7314659625 0.51039050625 0.6871536093749999 0.5102433671875 0.68690696875 0.3685709765625 0.6546475015625
18 0.348927649512511 0.6726672484813886 0.02287521034569906 0.034884146276527875
26 0.36349861487277496 0.6816967563651734 0.021312710345699058 0.034847778685347205
11 0.3789872225529069 0.6860205804533678 0.021358174452321688 0.03641027868534721
0 0.39914059817972747 0.6910165517680205 0.02443771034569906 0.03492051386770836
3 0.4154786520197935 0.6929784420606246 0.022966138558944315 0.03800914627652787
32 0.42866897380654817 0.6957943175355898 0.019795674452321776 0.036373911094166725
0 0.44882234943336885 0.7007902888502426 0.02443771034569906 0.03492051386770836
3 0.4643109571135007 0.7051141129384371 0.022920674452321776 0.03644664627652787
6 0.47828252890025535 0.707911804617812 0.019841138558944316 0.037936411094166546
3 0.4945296545270759 0.7129986949104163 0.022920674452321776 0.03644664627652787