19 0.648339828125 0.46465953125 0.6644480140625 0.3673116984375 0.645367634375 0.3635089546875 0.632892546875 0.46076557500000004 0.63364285 0.4617337703125 0.648339828125 0.46465953125
18 0.6520675830030187 0.3701378424021831 0.01598871285298138 0.01259090359079611
23 0.6523176355894436 0.3787315924021831 0.01755121285298138 0.01259999394987581
26 0.6510051881758683 0.38731625204310344 0.015897784639735946 0.009465903590796198
0 0.6489342228156043 0.396677616504484 0.01755121285298138 0.01259999394987581
7 0.6476445074553403 0.4060435261454044 0.019022784639735946 0.009484084308955332
36 0.6470905779884537 0.41385148096586455 0.01755121285298138 0.01259999394987581
15 0.6450650767348126 0.4247753454272452 0.01755121285298138 0.01259999394987581
0 0.643729897267926 0.43257875506816557 0.017596676959604096 0.01416249394987581
2 0.6416134678010394 0.4403776195295461 0.016034176959604095 0.01415340359079611
0 0.6411277344940868 0.45052932435000625 0.01755121285298138 0.01259999394987581
6 0.6398380191338229 0.45989523399092674 0.01755121285298138 0.01259999394987581