19 0.233764309375 0.5350229093750001 0.258792503125 0.54265441875 0.28149297500000003 0.54862081875 0.2853952734375 0.5464109125000001 0.32248877343750004 0.375918346875 0.28808160156249996 0.36539402499999996 0.2743571765625 0.3617868125 0.27037478125000003 0.3656261234375 0.2304662828125 0.5297526515625 0.233764309375 0.5350229093750001
18 0.2641816173226787 0.5323020787133161 0.03837301923729371 0.027184126280124232
26 0.26199163474587384 0.5142423234516443 0.03820932813030113 0.02249662628012441
11 0.26451643402023445 0.4972368339749881 0.03826389183263199 0.02405912628012441
0 0.26997526033643704 0.4749446050216754 0.03826389183263199 0.024059126280124233
3 0.2740898414619631 0.458811370806691 0.03826389183263199 0.024059126280124233
32 0.2775050181409854 0.4449763839608707 0.04138889183263199 0.024241136803468066
0 0.28220987630835337 0.4234199023767221 0.03988095553496285 0.025712631541796326
3 0.28551592558271394 0.40645991553090177 0.03826389183263199 0.02405912628012441
6 0.2881225704105708 0.39179817605424544 0.039826391832631994 0.024150131541796238
3 0.291401337833766 0.37405693920842503 0.03820932813030105 0.02249662628012441