19 0.6416015625 0.79296875 0.712890625 0.7392578125 0.73046875 0.6416015625 0.7294921875 0.62109375 0.7177734375 0.625 0.6923828125 0.646484375 0.6533203125 0.669921875 0.5830078125 0.728515625 0.5400390625 0.7578125 0.5205078125 0.7734375 0.4814453125 0.81640625 0.447265625 0.8447265625 0.44140625 0.8544921875 0.4375 0.8740234375 0.435546875 0.9384765625 0.435546875 0.9892578125 0.4375 0.9990234375 0.4453125 0.9990234375 0.462890625 0.9833984375 0.478515625 0.9619140625 0.552734375 0.8818359375 0.5546875 0.8759765625 0.5908203125 0.83984375 0.6416015625 0.79296875
18 0.4546875 0.89375 0.0296875 0.09375
23 0.4875 0.88671875 0.03125 0.1171875
26 0.51484375 0.86484375 0.02578125 0.1125
0 0.54140625 0.83046875 0.03046875 0.10234375
7 0.5703125 0.80625 0.03203125 0.1078125
12 0.5953125 0.77890625 0.0296875 0.08828125
13 0.61953125 0.7625 0.03125 0.096875
0 0.64375 0.7421875 0.0296875 0.0875
9 0.66796875 0.7265625 0.02890625 0.0859375
1 0.69296875 0.70859375 0.0265625 0.08359375
6 0.7109375 0.69296875 0.0265625 0.08671875