19 0.433071109375 0.725969565625 0.44309814843749995 0.631847771875 0.44416983437499996 0.5993861125 0.441110490625 0.5924640125 0.44724784531250006 0.5674386296875 0.45701772187499995 0.4553653546875 0.45281527656250004 0.4491962765625 0.3942107890625 0.43521757031249997 0.3759202875 0.43355889843749995 0.3706272109375 0.45982366093750004 0.35255794687500003 0.70071521875 0.354773009375 0.7063979375 0.3725121984375 0.7129901125 0.433002703125 0.7264470265625 0.433071109375 0.725969565625
18 0.4039990982570908 0.7046384199734295 0.04382524310259513 0.03321491439185813
23 0.3964389037750148 0.679347321545006 0.057887743102595035 0.0338698858558109
26 0.39825370929293874 0.6544928707592177 0.057887743102595125 0.03386988585581072
0 0.39928726481086274 0.6296020326698765 0.05303646879233544 0.03052656203449331
7 0.4004027074839165 0.6062736945805354 0.05459896879233561 0.030599336641598994
12 0.4013953194242756 0.5806016064911941 0.05624335594746519 0.03223461124870504
17 0.4039913749421995 0.5557835430089587 0.056325243102595124 0.033797111248705033
1 0.40506587403768834 0.5316739549196174 0.05591580732694634 0.025984611248705037
4 0.40688067955561225 0.5068195041338293 0.05155585594746519 0.03201628742738745
6 0.40869548507353637 0.48196505334804096 0.05780585594746519 0.0323073858558109
6 0.4104693470138955 0.45632935256225265 0.057723968792335614 0.03074488585581072