19 0.5115789640624999 0.5164508578125 0.629384590625 0.5219243828125 0.63010985 0.521263384375 0.6311642 0.4954997921875 0.6313058 0.48741392968749997 0.6256940531249999 0.48471314374999996 0.570039459375 0.4811582109375 0.4974907328125 0.477189534375 0.44608369375 0.4737543515625 0.44263443125 0.48092095312499994 0.44143732968749994 0.51017278125 0.448418746875 0.5124165046875 0.5115789640624999 0.5164508578125
18 0.45165759102100156 0.4912728771508041 0.019978307326946165 0.023546584308955332
23 0.4675282524863908 0.495869473560008 0.02030585594746519 0.02979658430895533
26 0.48475669606395577 0.4965507296101322 0.01866146879233561 0.02822499394987581
0 0.5028892203742152 0.49957119048071663 0.018825243102595125 0.03134999394987581
7 0.5192545267966503 0.49869449171038055 0.017262743102595124 0.03134090359079629
36 0.536564857529345 0.5009382477605048 0.02030585594746519 0.02979658430895533
20 0.5545745511069098 0.5016149586310892 0.01866146879233561 0.02822499394987581
1 0.5710217446844748 0.5023007598607532 0.013973968792335612 0.028197722872636888
7 0.5866467446844748 0.5022098562699571 0.01874335594746519 0.029787493949875808
7 0.6039161318396046 0.5036723623200812 0.01874335594746519 0.029787493949875808
7 0.6211036318396046 0.5035723683702055 0.018825243102595125 0.03134999394987581