19 0.773356275 0.6382596687500001 0.8340776125 0.64956853125 0.8764608421875 0.3082471671875 0.8801494953125 0.266969371875 0.8773186453124999 0.2630923515625 0.812098090625 0.24999845625 0.8057009390625 0.26029454531249996 0.7706487531249999 0.63155049375 0.773356275 0.6382596687500001
18 0.8350555099496226 0.27596054077813126 0.05221095318850359 0.042769302673454225
23 0.8392826645176068 0.3119253127784494 0.0568165660333733 0.04126134667409058
26 0.8355335447753317 0.34467417811104034 0.05657090456798421 0.03657384667409058
0 0.8303856993433161 0.3805298621100858 0.05517217887824373 0.03968066534054522
7 0.8242928296010408 0.41325145544235864 0.054926517412854634 0.03499316534054522
14 0.8199262341690252 0.44911623010817686 0.05846095318850324 0.042842028007635945
10 0.8162590015818797 0.4834275954407678 0.05657090456798421 0.03657384667409058
10 0.8126327125722991 0.5185202107733587 0.05360967887824373 0.039662484006999676
4 0.8066626735627185 0.5535855541056315 0.058051517412854636 0.035029528007635945
9 0.803776690975573 0.5879060101049951 0.054926517412854634 0.03499316534054522
2 0.8001094583884276 0.6222173754375862 0.05336401741285464 0.03497498400699968