19 0.4345703125 0.71875 0.431640625 0.7333984375 0.435546875 0.7939453125 0.4375 0.8056640625 0.4453125 0.8056640625 0.6279296875 0.708984375 0.634765625 0.7001953125 0.630859375 0.6337890625 0.6201171875 0.630859375 0.5009765625 0.69140625 0.4345703125 0.71875
18 0.45859375 0.7578125 0.0296875 0.05859375
23 0.48203125 0.75 0.02578125 0.0515625
26 0.5015625 0.7421875 0.015625 0.04765625
0 0.51640625 0.7328125 0.01640625 0.04609375
6 0.53125 0.7265625 0.0140625 0.04453125
12 0.55 0.715625 0.0140625 0.0484375
10 0.5671875 0.7078125 0.0171875 0.0453125
5 0.5828125 0.69921875 0.01484375 0.05234375
5 0.59609375 0.690625 0.01171875 0.04296875
2 0.609375 0.6859375 0.01640625 0.04375
8 0.6203125 0.678125 0.0125 0.04375