19 0.21995081249999998 0.6216073015625 0.2245213359375 0.6258058390625 0.2919945796875 0.6221317421875 0.2948561375 0.61680211875 0.2893547296875 0.48640545 0.289797315625 0.38534386875000004 0.287193728125 0.376983465625 0.283639925 0.37501265156249997 0.2207648359375 0.378667275 0.213383353125 0.38080491250000004 0.21384515468749998 0.412195315625 0.21995081249999998 0.6216073015625
18 0.2602624544879929 0.6142555933720437 0.052708505931499075 0.028724984006999677
13 0.2519061264271032 0.5891465053707711 0.055706171939110226 0.025636346674090406
22 0.25204804787192187 0.5664811647039982 0.04964717292769345 0.03025112133990877
1 0.25144055281483774 0.5430254833704529 0.04770267095052709 0.020857940006363408
2 0.2507057237653648 0.5226948020369073 0.04795733893530461 0.027107940006363407
12 0.2516607287082807 0.4992573020369074 0.046331171939110224 0.025527258672817865
17 0.25486398315690495 0.47819082403722557 0.05258117193911023 0.025599984006999678
2 0.2518809046017237 0.4554891207033619 0.05245383794672147 0.022474984006999675
6 0.2535534925484451 0.4336232113701347 0.052644838935304604 0.027162484006999676
4 0.2552579139932638 0.41097605203690735 0.050891337946721474 0.02245680267345431
5 0.25449125144569373 0.3914266207033619 0.04932883794672147 0.02243862133990877