19 0.5579365125 0.31654669062499996 0.549880625 0.3125370765625 0.5244273109375001 0.314441784375 0.5227284390625 0.314792175 0.518928596875 0.32248765156250003 0.5224094765625 0.34290365 0.525762903125 0.3615876671875 0.5697476421875 0.5807967656249999 0.5887724750000001 0.5768729 0.5997425421875 0.5741009640625 0.593945871875 0.521571140625 0.5579365125 0.31654669062499996
18 0.5355254513044188 0.32582232459423055 0.029851126463433176 0.028470445337363516
31 0.5434606711519936 0.3468251679265034 0.03453862646343318 0.028524989337999785
26 0.551409526538188 0.37017176125877616 0.03453862646343318 0.028524989337999785
6 0.5546799722834617 0.3951353985916853 0.032976126463433175 0.02850680800445433
5 0.5595129180287357 0.42008085459104894 0.03453862646343318 0.028524989337999785
11 0.5643367734149299 0.4434638105904126 0.0361193071815924 0.03166817067154515
14 0.5683930143397437 0.4691996072565489 0.0361283975406721 0.03323067067154532
1 0.5747839149054776 0.4933456319223672 0.03136817466803503 0.02067612667090888
0 0.5772594751121322 0.515974609922049 0.034547716822512696 0.030087489337999783
3 0.5828645804983263 0.53934847525464 0.03452953610435348 0.026962489337999784
6 0.5884696858845206 0.5627223405872309 0.031404536104353474 0.02692612667090888