19 0.2205079171875 0.43313415468749994 0.21241930625 0.559629084375 0.217753665625 0.563632928125 0.22967438125 0.5634941062500001 0.2532551375 0.5590751359375 0.25575632656249997 0.5239535 0.25946238906249997 0.41773951093750006 0.243799671875 0.4174711125 0.2237526546875 0.4187536953125 0.2220603953125 0.42044500312500005 0.2205079171875 0.43313415468749994
18 0.23861902597787762 0.5552712070469937 0.023655688311602675 0.013181961599340219
12 0.2341769878284307 0.5413450993668618 0.029905688311602674 0.01336381802583091
17 0.23519006290950856 0.5280411173135504 0.028315914772652384 0.011755853919208192
0 0.2362031379905864 0.5147371352602391 0.026780688311602675 0.013272889812585476
1 0.23566734984113955 0.5006973673135504 0.028343188311602673 0.013318353919208192
10 0.2358855381527422 0.4881973673135504 0.028288641233702005 0.010193353919208193
26 0.236103726464345 0.4756973673135504 0.029905688311602674 0.01336381802583091
8 0.23789805154542282 0.4623706532069278 0.028343188311602673 0.013318353919208192
5 0.23732135308755042 0.45067463526023904 0.031468188311602675 0.013409282132453626
6 0.23756681493810347 0.4366121352602391 0.026726141233702094 0.010147889812585475
7 0.239333866480231 0.4248479211536164 0.026753414772652383 0.011710389812585476