19 0.5068359375 0.67578125 0.5078125 0.7587890625 0.509765625 0.7666015625 0.517578125 0.7685546875 0.7119140625 0.712890625 0.71484375 0.7080078125 0.712890625 0.6416015625 0.7060546875 0.63671875 0.6123046875 0.658203125 0.5068359375 0.67578125
18 0.5203125 0.71796875 0.02578125 0.065625
23 0.540625 0.7171875 0.02265625 0.0640625
26 0.5609375 0.7125 0.01796875 0.0578125
0 0.58359375 0.71015625 0.01953125 0.05390625
7 0.60234375 0.70625 0.0140625 0.06171875
12 0.62109375 0.69921875 0.01796875 0.0546875
20 0.63984375 0.69453125 0.01484375 0.05625
9 0.6578125 0.68984375 0.015625 0.0515625
6 0.67265625 0.68515625 0.015625 0.04921875
1 0.6890625 0.6828125 0.01328125 0.0546875
7 0.70390625 0.67890625 0.0171875 0.05625