19 0.2713317125 0.6090338046875 0.2241190171875 0.7382682171875 0.2222231234375 0.744007875 0.22563321875 0.7481101328124999 0.2543374484375 0.757281459375 0.255345821875 0.7575714171875 0.2610235265625 0.7560788484375001 0.29830549687499996 0.6563758484375 0.3096122515625 0.6200413499999999 0.3074946015625 0.617732184375 0.306320615625 0.61735708125 0.2734245046875 0.6078978234375 0.2713317125 0.6090338046875
18 0.25258552964506686 0.7473481507430071 0.03877407366340595 0.023621590570540717
23 0.25322256647676983 0.736410650743007 0.03408657366340595 0.02340326674922295
26 0.25486836646265243 0.7216032880465599 0.03877407366340595 0.023621590570540717
0 0.25945715592519125 0.7100664745643247 0.027563557878390377 0.018424668320799496
7 0.26565394801856607 0.6978211856891952 0.03059755261671846 0.017007717535011225
12 0.2679444901119408 0.685393960296301 0.033904563140062204 0.02027826674922295
16 0.2734510374669875 0.6715497841176186 0.029126057878390378 0.01849744292790554
9 0.2750058321911982 0.6583049214211714 0.030779563140062118 0.020132717535011224
4 0.2772508716537371 0.6466589460282772 0.037029563140062206 0.020423815963434677
1 0.2828029216396196 0.6320335198495949 0.03234206314006212 0.020205492142117264
7 0.28504796110215846 0.6203875444567007 0.033813557878390375 0.01871576674922295