19 0.5483333109374999 0.6080145515625001 0.537538484375 0.648236925 0.532052959375 0.67626940625 0.554560328125 0.6812819234374999 0.5653310453125 0.6833634125 0.582164028125 0.616482584375 0.58246706875 0.615025253125 0.5586485328124999 0.609707753125 0.5483333109374999 0.6080145515625001
18 0.5613418487183572 0.612484280937992 0.019131945916315906 0.011046584308955332
23 0.5631771672300114 0.6202876905789124 0.023819445916315907 0.011073855386194254
26 0.5641766720393349 0.6265331453993727 0.023819445916316084 0.011073855386194254
0 0.5612972086998237 0.6335825761175319 0.023819445916316084 0.011073855386194254
7 0.5607614953603125 0.6406183712970718 0.025381945916316085 0.011082945745273775
12 0.559417250169636 0.6468774616561512 0.025381945916316085 0.011082945745273775
14 0.557264473127794 0.6523598471947707 0.025381945916316085 0.011082945745273954
6 0.5559202279371174 0.6586189375538504 0.025381945916316085 0.011082945745273954
7 0.5545487008952754 0.66409677791293 0.025381945916316085 0.011082945745273775
5 0.5532317375557643 0.6711371182720096 0.02861607332097762 0.014226126463433176
1 0.5503249923650877 0.6774052989901688 0.02376488221398514 0.009511355386194253