19 0.70703125 0.7216796875 0.6962890625 0.712890625 0.6884765625 0.712890625 0.4873046875 0.7265625 0.3173828125 0.73046875 0.310546875 0.7392578125 0.310546875 0.7490234375 0.31640625 0.7587890625 0.322265625 0.8076171875 0.3271484375 0.810546875 0.38671875 0.8095703125 0.4892578125 0.806640625 0.6943359375 0.79296875 0.69921875 0.7880859375 0.701171875 0.7451171875 0.70703125 0.7373046875 0.70703125 0.7216796875
18 0.33984375 0.7625 0.0390625 0.0390625
16 0.3765625 0.77421875 0.03125 0.04921875
20 0.41328125 0.771875 0.02578125 0.0515625
1 0.44609375 0.76953125 0.02578125 0.046875
5 0.47890625 0.76875 0.0296875 0.04921875
12 0.51796875 0.7671875 0.03125 0.0484375
10 0.55078125 0.76796875 0.03046875 0.05
0 0.58203125 0.76328125 0.028125 0.05
2 0.615625 0.76171875 0.02734375 0.04765625
5 0.64921875 0.7578125 0.0265625 0.05
4 0.68359375 0.75859375 0.0265625 0.05