19 0.6362311625 0.5423222375 0.670828359375 0.5463529140625 0.6724967578125 0.5426432859375 0.682194315625 0.43910185312500005 0.6497642031249999 0.433114571875 0.6362311625 0.5423222375
18 0.6619115725784633 0.4421205376159717 0.025582196856846907 0.013081881458888844
23 0.6655096075246514 0.45220405243361056 0.024019696856846906 0.013045513867708358
26 0.6628576424708394 0.4624330376159717 0.027144696856846905 0.013118249050069508
0 0.6632942901134745 0.47180803761597173 0.027144696856846905 0.013118249050069508
7 0.6637309377561097 0.4811830376159717 0.030269696856846905 0.01319098423243048
12 0.6626414727022978 0.4913756552071522 0.028779971463952593 0.014717116641250172
21 0.6599531203449329 0.5008233903895134 0.027144696856846905 0.013118249050069508
9 0.658863655291121 0.5110160079806939 0.024019696856846906 0.013045513867708358
6 0.6577378029337562 0.5204273755718745 0.025582196856846907 0.013081881458888844
7 0.6557943132728383 0.5290756769586453 0.024019696856846906 0.013045513867708358
5 0.6555224855225793 0.5400313607542355 0.024019696856846906 0.013045513867708358