19 0.255859375 0.6845703125 0.2607421875 0.689453125 0.4306640625 0.763671875 0.4541015625 0.7734375 0.458984375 0.7724609375 0.458984375 0.6962890625 0.4501953125 0.6875 0.3505859375 0.654296875 0.2607421875 0.6171875 0.255859375 0.6181640625 0.255859375 0.6845703125
18 0.265625 0.64375 0.01484375 0.0390625
23 0.2796875 0.659375 0.015625 0.05390625
26 0.2953125 0.66328125 0.015625 0.04921875
0 0.3125 0.67265625 0.01640625 0.04921875
7 0.3296875 0.67734375 0.01484375 0.053125
14 0.34765625 0.6859375 0.01640625 0.05625
10 0.36640625 0.6953125 0.01640625 0.05546875
0 0.38515625 0.7015625 0.01640625 0.05234375
8 0.40390625 0.71015625 0.01640625 0.053125
5 0.42421875 0.715625 0.01875 0.05546875
9 0.44453125 0.725 0.01796875 0.05390625