19 0.5428140234375001 0.8584737109375 0.5512280734375 0.862376240625 0.567159475 0.865610815625 0.5733660421875 0.8656680953125001 0.59352601875 0.7574950734375 0.594635284375 0.7509114859375 0.5905824015625 0.7452434390625 0.48999738125 0.673270746875 0.4433665953125 0.6459587328125 0.36931757187500003 0.6110972328125001 0.321857534375 0.58262549375 0.3170652484375 0.5806611484374999 0.30867635312499997 0.5878801874999999 0.2834575453125 0.658486234375 0.2775188421875 0.7083138375 0.2789248515625 0.7097252562499999 0.5428140234375001 0.8584737109375
18 0.305651904584035 0.7279014292169281 0.047117194681858446 0.06010534034363317
23 0.333587188784902 0.7394907044316987 0.04775423151356133 0.07104284034363299
26 0.35923193089239425 0.7384980924913396 0.041686242036905075 0.07384029172311415
0 0.39076265195319915 0.7315830291714995 0.04150423151356133 0.07071529172311415
7 0.4164528966915272 0.7313716672311404 0.04508425782192056 0.07869156603337366
12 0.4449951256448399 0.7266365796010408 0.03975972099021767 0.06750840456798421
15 0.4711936045981524 0.7217786612382466 0.046646757821920556 0.07877345318850323
3 0.499781336182301 0.717824823608147 0.040032736775233245 0.07219590456798422
8 0.5276333203972855 0.7146112924004825 0.03975972099021767 0.06750840456798421
2 0.5556673151356136 0.7145227611928181 0.04141322625188941 0.06915279172311414
3 0.5811300467197621 0.710405149252459 0.04132222099021767 0.06759029172311415