19 0.5443034 0.6251129859375 0.5425911421875 0.6189394625 0.5198157765625 0.6141854265625 0.5213261734375 0.6032209703125 0.5410658203125001 0.6087513078125 0.5644169140625 0.62261405625 0.5743802046875001 0.6233719093750001 0.6407285703125 0.6586350546874999 0.6525910515625 0.6615517953125 0.6950481296875 0.6858578328125 0.6997241671875 0.6860761546874999 0.70962154375 0.5797970578125 0.7066135140625 0.5750117953125 0.48891820468749997 0.45990200468750003 0.46375479375 0.458727134375 0.4624084796875 0.46368188593750004 0.46054045625000006 0.4837409234375 0.4594676046875 0.5067817375 0.457265790625 0.583240053125 0.46553174999999997 0.5989769968750001 0.5047306421875 0.6160596265625 0.5284556031250001 0.6218931046875 0.5341531734375 0.628369765625 0.5499075046875 0.6335969625 0.55303669375 0.6308133453125 0.5505617734375 0.6195457453125 0.5465764578125001 0.619242603125 0.5473391203125 0.62433668125 0.5443034 0.6251129859375
18 0.7007693907615592 0.5137690041052166 0.025920512851581277 0.061073855386194253
23 0.6811280528148378 0.535753088414172 0.02993685079830275 0.08296703610435348
26 0.6605608848300601 0.5421212630822071 0.02343218281352506 0.07668067466803503
0 0.6374589658566995 0.5531905732888615 0.02655718281352506 0.07669885538619425
7 0.6176412143738247 0.5603354527773567 0.026684516805913817 0.07982385538619426
12 0.5938217123966584 0.569846808163551 0.028247016805913995 0.07983294574527396
21 0.5685352109137836 0.5770235039088248 0.03156301779449713 0.08453862646343317
2 0.5454332919404228 0.5880928141154793 0.030064184790691506 0.08609203610435348
3 0.519365540457548 0.5952740550402931 0.029809516805913993 0.07984203610435366
5 0.4949239559708677 0.6008837056060271 0.02993685079830275 0.08296703610435348
4 0.4670708700013126 0.6135427868899204 0.030255185779274642 0.09077953610435348