19 0.376953125 0.5341796875 0.373046875 0.5537109375 0.373046875 0.5751953125 0.3759765625 0.578125 0.521484375 0.5869140625 0.525390625 0.5810546875 0.52734375 0.5419921875 0.5205078125 0.537109375 0.3974609375 0.53125 0.3798828125 0.53125 0.376953125 0.5341796875
18 0.38125 0.55 0.0140625 0.02734375
23 0.39375 0.55703125 0.01328125 0.03515625
26 0.40703125 0.55390625 0.01328125 0.02890625
0 0.4203125 0.55625 0.0125 0.03046875
7 0.434375 0.55625 0.0125 0.03125
12 0.44765625 0.55625 0.01015625 0.0296875
21 0.4609375 0.5578125 0.01015625 0.0296875
3 0.475 0.55859375 0.0109375 0.028125
5 0.4890625 0.56015625 0.01171875 0.03125
1 0.50234375 0.5625 0.0078125 0.03203125
2 0.515625 0.5625 0.0109375 0.03125