19 0.624737865625 0.6873107171874999 0.6261174890625 0.6779791375 0.6282352375 0.6537584359374999 0.6220870406250001 0.647387309375 0.552737578125 0.6344424734375 0.368731790625 0.6019049921875 0.36143593281249997 0.6174123578125 0.358300415625 0.6386205421875 0.3599404828125 0.64258764375 0.4053653640625 0.6510666953124999 0.620892503125 0.6900226859374999 0.624737865625 0.6873107171874999
18 0.379547974896771 0.6214194402843248 0.034695904567984305 0.03612839754067192
33 0.4043808785602442 0.6329972897185907 0.028609678878243727 0.039217036104353654
11 0.42798215287050373 0.6359859343323965 0.03165279172311415 0.0376727168225127
8 0.45721595149102257 0.6420677626894236 0.026637743102595125 0.031395445745273774
6 0.4792137822237173 0.644284247662309 0.02647396879233561 0.028270445745273775
12 0.5070079115769308 0.6527189163784156 0.0314071302577247 0.032985216822512695
8 0.5345154358871904 0.6556848350945224 0.02655585594746519 0.029832945745273776
0 0.5589798473525797 0.6602314345287883 0.02811835594746519 0.029842036104353476
2 0.5827448959730986 0.666345079142594 0.031489017412854634 0.034547716822512696
8 0.6072093074384879 0.6708916785768599 0.028445904567984216 0.03609203610435348