19 0.6049441156250001 0.3925832078125 0.599394553125 0.39635777499999997 0.5114322796875 0.5047374062500001 0.51018785 0.5107857640625 0.523420703125 0.5173912234375 0.5676170328125 0.5254784859375 0.6571122953125 0.413569321875 0.6588805890625 0.40497479375 0.649035921875 0.401725203125 0.6049441156250001 0.3925832078125
18 0.5963295296257847 0.5204611964891385 0.03716580732694617 0.024483174452321777
23 0.600849933289258 0.508856106755695 0.044814533016686656 0.021585494985435005
26 0.598380030530296 0.4962651785424498 0.043170145861557076 0.019977530878812287
0 0.5944295149264637 0.48206628622258163 0.04333392017181659 0.02310253087881229
7 0.5881352493226315 0.46779919774277967 0.04004514586155707 0.019886602665567032
12 0.5848840965636695 0.455185537476223 0.03692014586155708 0.019795674452321776
11 0.5840585809598372 0.4410775733696003 0.041607645861557074 0.019932066772189748
3 0.5799852346233104 0.4292224310497323 0.03692014586155708 0.019795674452321776
6 0.5744312754419132 0.41575932462324144 0.037002033016686656 0.021358174452321778
3 0.5728245098380811 0.40162862846330755 0.03692014586155708 0.019795674452321776
2 0.5694914699239894 0.39057746819675077 0.03996325870642714 0.018324102665567034