19 0.3486328125 0.763671875 0.34375 0.7685546875 0.34765625 0.8837890625 0.3525390625 0.888671875 0.359375 0.8876953125 0.6220703125 0.8125 0.625 0.8095703125 0.623046875 0.7021484375 0.6123046875 0.69921875 0.5927734375 0.703125 0.3486328125 0.763671875
18 0.365625 0.82265625 0.03984375 0.07109375
23 0.40234375 0.81953125 0.02109375 0.05859375
26 0.4234375 0.8125 0.01796875 0.06015625
0 0.4421875 0.80859375 0.015625 0.06328125
7 0.4640625 0.80078125 0.02265625 0.05859375
12 0.4953125 0.79453125 0.0203125 0.0671875
15 0.5140625 0.79140625 0.01953125 0.0671875
1 0.54765625 0.78125 0.01796875 0.05703125
4 0.56484375 0.7796875 0.01953125 0.06953125
6 0.5828125 0.77109375 0.01953125 0.06953125
4 0.60390625 0.7671875 0.0265625 0.07109375