19 0.4091796875 0.55859375 0.3779296875 0.5546875 0.28515625 0.5498046875 0.283203125 0.6083984375 0.28515625 0.6259765625 0.2900390625 0.62890625 0.5244140625 0.6484375 0.55078125 0.6474609375 0.5546875 0.6240234375 0.5546875 0.5732421875 0.5498046875 0.568359375 0.4404296875 0.560546875 0.4150390625 0.5625 0.4091796875 0.55859375
18 0.29921875 0.5796875 0.02265625 0.0375
23 0.321875 0.590625 0.01953125 0.04921875
26 0.3453125 0.5921875 0.01953125 0.05
0 0.36953125 0.59453125 0.01875 0.04609375
7 0.3921875 0.59609375 0.01953125 0.0484375
12 0.4171875 0.5984375 0.0203125 0.05
17 0.44140625 0.6 0.02109375 0.04921875
1 0.465625 0.603125 0.0140625 0.04921875
4 0.48984375 0.6046875 0.02109375 0.04609375
6 0.51328125 0.60546875 0.01875 0.04921875
6 0.53828125 0.60703125 0.01875 0.05078125