19 0.32502666874999997 0.2713383359375 0.3160857265625 0.2689992375 0.31371858124999996 0.268861225 0.25398523125 0.2796641203125 0.23294179843750001 0.28467107343750003 0.2306325515625 0.2886923328125 0.2599774390625 0.337157040625 0.3581023859375 0.46963278906249994 0.3596884421875 0.47803705 0.42073328125 0.5550440734375 0.5299155078125 0.5569504375000001 0.5300606343750001 0.552793315625 0.5004646140625 0.519491834375 0.3945490625 0.3782500828125 0.32502666874999997 0.2713383359375
18 0.46883835998740925 0.53203125 0.05528751785690744 0.034375
23 0.4684934866106147 0.50703125 0.05849433847375849 0.0390625
26 0.45249633969486974 0.48359375 0.06614319724005639 0.0296875
0 0.43186623985702555 0.45703125 0.06619774431795715 0.0328125
7 0.41190829586337996 0.43671875 0.06304547077900687 0.03125
12 0.3897566063339613 0.4078125 0.06301819724005639 0.0296875
21 0.37455434618769157 0.38359375 0.06781479139585782 0.0359375
7 0.34996344927194667 0.36015625 0.08634660308425506 0.0234375
3 0.33090948620357763 0.3328125 0.08316705600635448 0.0203125
5 0.31019756574888235 0.3109375 0.08483865016215582 0.0265625
0 0.2911299659110381 0.284375 0.07867047077900687 0.03125