19 0.21875 0.5888671875 0.2236328125 0.59375 0.4287109375 0.607421875 0.60546875 0.6123046875 0.6083984375 0.56640625 0.4111328125 0.560546875 0.2451171875 0.548828125 0.2216796875 0.548828125 0.21875 0.5517578125 0.21875 0.5888671875
18 0.23671875 0.56484375 0.040625 0.034375
31 0.271875 0.575 0.02890625 0.040625
26 0.30546875 0.575 0.03203125 0.0375
3 0.3390625 0.58046875 0.03203125 0.03515625
2 0.37578125 0.58125 0.0296875 0.0359375
13 0.4078125 0.5828125 0.02734375 0.040625
17 0.4421875 0.58359375 0.02890625 0.03671875
0 0.47734375 0.58671875 0.02890625 0.03671875
8 0.5140625 0.5890625 0.03515625 0.0375
9 0.546875 0.5890625 0.034375 0.0359375
4 0.58515625 0.590625 0.03125 0.03359375