19 0.8095703125 0.56640625 0.6728515625 0.625 0.6640625 0.6357421875 0.666015625 0.7333984375 0.6689453125 0.73828125 0.67578125 0.7373046875 0.8427734375 0.65234375 0.9423828125 0.59375 0.94921875 0.5009765625 0.9384765625 0.5 0.9208984375 0.51171875 0.8095703125 0.56640625
18 0.68671875 0.66640625 0.02578125 0.059375
23 0.7125 0.66640625 0.02890625 0.07265625
26 0.73828125 0.6546875 0.025 0.06640625
0 0.76796875 0.63984375 0.021875 0.06484375
7 0.79453125 0.628125 0.02421875 0.07109375
36 0.81875 0.6171875 0.02421875 0.07265625
17 0.8453125 0.60390625 0.0234375 0.07265625
1 0.8671875 0.5890625 0.0171875 0.06484375
1 0.89296875 0.57890625 0.021875 0.06796875
8 0.91171875 0.5671875 0.01953125 0.06796875
9 0.93515625 0.55546875 0.01796875 0.0609375