19 0.52054958125 0.7277631062500001 0.5310812421875 0.7266987390625 0.5505407015625 0.73262666875 0.5630984984375 0.731752259375 0.610923903125 0.7403396234375 0.621444903125 0.7341448609375 0.6774987234375 0.6080875953125 0.7575027750000001 0.45931071718750005 0.7578864828125 0.45719329999999997 0.6415241421875 0.4400436859375 0.6406871656249999 0.44049563750000004 0.5021143015625 0.7015894312500001 0.49839284062500006 0.7221255875 0.52054958125 0.7277631062500001
18 0.677637103146699 0.4669191315658224 0.06428975897699055 0.04092652837152997
23 0.6813706363241863 0.4964929712992657 0.08932612041330898 0.047903954077492726
26 0.6687206453993726 0.522637934152247 0.08147725897699054 0.0414266335443795
0 0.6560615641154793 0.5503453970052286 0.07834316861791084 0.039773205331134064
7 0.6410632780111258 0.577339806018144 0.08147725897699054 0.0414266335443795
12 0.6299803322658519 0.6026580547645028 0.07989657825883115 0.03825616943775678
14 0.6165490913410382 0.6288257496707956 0.08462043969514958 0.04464256175762493
3 0.6023547811343838 0.6518911766303997 0.07832498789975162 0.03664820533113407
5 0.5904951305686497 0.6764509074300697 0.08147725897699054 0.0414266335443795
5 0.5762962751824554 0.700297584389674 0.07519998789975162 0.03655727711788863
3 0.5660036697962612 0.7240306010827213 0.07987839754067191 0.03513116943775678