19 0.7639064531249999 0.7461138 0.76504405625 0.737418234375 0.7774721125 0.5809980609375 0.7924485375 0.385603653125 0.7886210546875 0.376872146875 0.784109490625 0.3736769953125 0.7358104187500001 0.3629986953125 0.7015189203125 0.6251147171875 0.6991285578124999 0.66298314375 0.6948244671875 0.6762855156249999 0.6881455843750001 0.7273373078125001 0.6877266125 0.7328035578125001 0.69033178125 0.7382836921875 0.7460089453125 0.7486340609375 0.7639064531249999 0.7461138
18 0.7227186017336831 0.721228876340789 0.04705909057054054 0.03961046360606986
21 0.7377785215022248 0.6930867597154005 0.0565068651776464 0.041609611248705033
22 0.738484842842343 0.6580396716260593 0.056579639784752445 0.043172111248705035
6 0.7458585411469318 0.6155075692686944 0.053309090570540715 0.03990156203449331
7 0.7497990243977088 0.5829497803935648 0.050111315963434676 0.038193512820281585
10 0.757099948095192 0.5388551780362001 0.054944365177646406 0.04153683664159917
8 0.7620935090962279 0.4954326637681764 0.048548815963434674 0.03812073821317572
5 0.7643987177398991 0.4612396002859411 0.05018409057054054 0.039756012820281586
0 0.770719338294229 0.4295722233214703 0.048548815963434674 0.03812073821317572
2 0.775441071545006 0.39705082174989376 0.054944365177646406 0.04153683664159917