19 0.5422152640625 0.6828695765624999 0.498258209375 0.6894224375 0.4898419453125 0.6994209328125 0.49226452500000006 0.71008824375 0.5042254374999999 0.718735415625 0.5456191031250001 0.715866434375 0.6024847249999999 0.7080846765625 0.618233896875 0.7057368828125 0.6249884171875 0.6977125281250001 0.62559696875 0.682301290625 0.6254135921875 0.6814004984375 0.6179445921875 0.6776208046875001 0.5422152640625 0.6828695765624999
18 0.5088503725673503 0.7098842663488034 0.018415807326946164 0.024137836958138335
23 0.521145654679526 0.7064873523183586 0.01668953301668665 0.02094916996194396
26 0.5319193803692664 0.7038080212917193 0.013646420171816586 0.022384335969555025
0 0.5427340496365718 0.70190994026508 0.015127033016686654 0.02088550296574958
7 0.5535487189038772 0.7000118592384407 0.012002033016686831 0.020758168973360823
12 0.566584307438488 0.6958655287060932 0.015208920171816586 0.02244800296574958
16 0.5774399202833582 0.6947486976794538 0.015290807326946343 0.02401050296574958
2 0.5890767831282284 0.6936637001509117 0.010521420171816587 0.02225700197716627
4 0.5991102023955339 0.6917337856261753 0.015290807326946165 0.02401050296574958
3 0.6075811216628392 0.6897402041052445 0.012165807326946165 0.023883168973360826
0 0.6176145409301446 0.687810289580508 0.013564533016686652 0.020821835969555023