19 0.1590849359375 0.6181959296875 0.1550175296875 0.6243928171875 0.1406261453125 0.736493478125 0.1543695171875 0.7382687140625 0.24078457343749998 0.6511786953125 0.40133115 0.471614584375 0.41861756406249995 0.39738594531250004 0.422489775 0.3737385921875 0.4251248625 0.353212775 0.4223479296875 0.3497419125 0.3859442171875 0.39065711406250003 0.34998057656250003 0.419777246875 0.3342294078125 0.44206341875 0.31984395 0.45371146875 0.2542292609375 0.5297178484375 0.222514484375 0.55921054375 0.21183161250000002 0.5754864078125 0.1590849359375 0.6181959296875
18 0.3590245164203001 0.6725368019554517 0.039380289391951706 0.08673758700597212
17 0.3355793111445108 0.658691854292153 0.04029034200867017 0.10236258700597212
28 0.3184674058546041 0.6301304431979864 0.03514781570031093 0.09444098423243048
2 0.29955778213472845 0.5921394807170489 0.034874799915295365 0.08975348423243065
6 0.2816191242139858 0.564341135827292 0.03496580517696728 0.09131598423243066
11 0.2653794741857509 0.5342354085287155 0.030369310438639018 0.09276938145888884
36 0.24927633205002384 0.5017859312301391 0.03523882096198276 0.09600348423243048
0 0.23515291886760936 0.4756410053183336 0.030369310438639108 0.09276938145888884
5 0.22061227673188225 0.44322789561093767 0.03367632096198285 0.09596711664125017
2 0.20639785828779594 0.4186454696991321 0.03174979991529536 0.08968074905006951
8 0.19218343984370959 0.3940630437873266 0.030005289391951705 0.08651938145888893