19 0.3699098265625 0.52069795 0.45208224374999995 0.5588948375 0.45930884218749995 0.560834746875 0.4659966640625 0.55833403125 0.482994753125 0.5190645765624999 0.48671217968749997 0.50548209375 0.48374154531249997 0.4974254 0.3591078921875 0.443000965625 0.2968161375 0.42936015781250003 0.290689821875 0.4445297265625 0.281328540625 0.48624632968750003 0.3699098265625 0.52069795
18 0.4741351087441492 0.49452036393930143 0.02789950692008212 0.034049668320799496
23 0.4564210267289267 0.5016072719210187 0.028281508897248564 0.0434246683207995
26 0.4407005262346352 0.4999912679920772 0.028281508897248564 0.0434246683207995
0 0.421918692736538 0.5000833132773476 0.026655341901054185 0.04178939371369381
7 0.4038544422422464 0.4985764712590649 0.028281508897248564 0.0434246683207995
12 0.386603275246052 0.49781449193722943 0.026719008897248563 0.043351893713693815
11 0.370037857755566 0.4946723753118409 0.028217841901054187 0.041862168320799496
6 0.3504747742574688 0.4948008079006641 0.026782675893442943 0.04491439371369381
0 0.3331917737631772 0.49325757857882857 0.02834517589344294 0.0449871683207995
3 0.31437810676698286 0.4925683738640988 0.025092841901054187 0.04171661910658777
8 0.29634568977078846 0.4918427818458161 0.029780341901054184 0.04193494292790554