19 0.7388772953125 0.8404865734375001 0.745610296875 0.8354196640625 0.745409053125 0.8008110515625001 0.731308609375 0.7937319265625 0.46316794687499996 0.8052714578125 0.45854141875 0.8100888734374999 0.458402603125 0.8339564625 0.7388772953125 0.8404865734375001
18 0.7270559692273604 0.8147441571847247 0.02576371941479181 0.03383117193911041
23 0.7028008516361799 0.8153198187437116 0.024164851823611146 0.03220500494291585
26 0.6777463002494091 0.8166448968046014 0.02427395459715278 0.03689250494291585
0 0.6550900502494091 0.8157217253597828 0.019368249050069508 0.02732650395433254
7 0.6277281164538188 0.8153888029263809 0.02732621941479163 0.03389483893530461
12 0.6034729988626383 0.8159644644853679 0.02412848423243048 0.03064250494291585
11 0.5776735650670479 0.8156952090481603 0.02569098423243048 0.03070617193911005
3 0.551111065067048 0.8146128701128557 0.022529616641249993 0.02901633794672165
6 0.5261292488626382 0.8128129481737453 0.025654616641249996 0.02914367193911005
3 0.5010928812714577 0.8133567762346352 0.022456881458888845 0.02589133794672165
2 0.47454856506704796 0.8114931872993305 0.025654616641249996 0.029143671939110403