19 0.1806640625 0.623046875 0.177734375 0.6259765625 0.16796875 0.6728515625 0.16796875 0.6904296875 0.1708984375 0.693359375 0.33203125 0.7158203125 0.33984375 0.7080078125 0.34765625 0.6572265625 0.34765625 0.6474609375 0.3408203125 0.640625 0.2255859375 0.625 0.1806640625 0.623046875
18 0.184375 0.64921875 0.01484375 0.02734375
23 0.19609375 0.6578125 0.01953125 0.03515625
26 0.21015625 0.659375 0.015625 0.034375
0 0.22578125 0.6625 0.0171875 0.03515625
7 0.23984375 0.66328125 0.01640625 0.03671875
12 0.2546875 0.66484375 0.01328125 0.0375
13 0.26953125 0.66640625 0.0171875 0.03671875
7 0.28359375 0.66953125 0.01875 0.034375
8 0.29921875 0.67109375 0.015625 0.0328125
8 0.3140625 0.671875 0.015625 0.0328125
1 0.32890625 0.67421875 0.0109375 0.034375