19 0.38812791875 0.48465743124999994 0.424290325 0.476268221875 0.42095221406250005 0.4587340125 0.3808161375 0.39075547187500004 0.376340503125 0.3878942015625 0.327704753125 0.3992983234375 0.32693749375 0.4033956390625 0.3275040984375 0.4063718625 0.3702197328125 0.4848534953125 0.3839616421875 0.48541088437499996 0.38812791875 0.48465743124999994
18 0.36016824847994416 0.40015297346181217 0.030387836958138337 0.017360216822512698
23 0.3597862465027778 0.4095279734618121 0.039762836958138335 0.01741475897699054
26 0.3602173280237087 0.4181171782822723 0.04301517095052709 0.020557939695149584
0 0.36614899304273674 0.4258933168459539 0.03969916996194396 0.01585225897699054
7 0.3697369080617648 0.4336830909482548 0.041261669961943956 0.015861349336070064
36 0.37335665657889 0.4406916150505557 0.04451400395433271 0.019004530054229463
16 0.3792564880998209 0.44924900361423725 0.039762836958138335 0.01741475897699054
9 0.3828762366169461 0.45625752771653827 0.036510502965749494 0.01427157825883114
9 0.38571473513407134 0.46327059699837897 0.04132533695813834 0.017423849336070062
1 0.38770831665500216 0.4718507114597596 0.03969916996194396 0.01585225897699054
8 0.39207748167403017 0.47963594038252066 0.04132533695813834 0.017423849336070062