19 0.600043775 0.40351716875 0.5639431874999999 0.40812942812499997 0.5595454390625 0.41430554218750004 0.5764891624999999 0.5492533140625 0.579087653125 0.568605659375 0.581653734375 0.58408905 0.584788390625 0.58624515 0.5928017109375 0.5856877015624999 0.62800975 0.5786831718750001 0.6238140671875 0.5460808828125 0.6030851234375 0.40560908749999997 0.600043775 0.40351716875
18 0.5776362041330891 0.41963506370475956 0.03136817466803503 0.02213260523343692
23 0.5816333577238852 0.4350325505505799 0.03293976502711473 0.023786110495108658
26 0.5864072161351417 0.4496032847655643 0.03451135538619425 0.025439615756780755
0 0.5857214149054777 0.46605503739640025 0.028234084308955333 0.020388094710093264
7 0.5873748184962739 0.4815890321347284 0.03292158430895533 0.020661110495108836
36 0.5898140172666098 0.49785877424222064 0.03293067466803503 0.022223610495108837
12 0.5930344660369459 0.514083013718877 0.03136817466803503 0.02213260523343692
2 0.5946924148072819 0.5303982584572051 0.03293067466803503 0.022223610495108837
0 0.5947742280389983 0.5444607584572051 0.02977840359079629 0.01735409997176518
0 0.5972088816297945 0.5599492505646972 0.02666249394987581 0.018734589448421345
9 0.598857740041051 0.5747019953030256 0.028215903590796287 0.017263094710093442