19 0.5210533468749999 0.1764425328125 0.5217948 0.17924248125 0.5832784703125 0.2963931390625 0.6038418453125 0.347118034375 0.62597954375 0.3885776125 0.628990190625 0.4052083125 0.6357053578125 0.40862421718749997 0.6988929609375 0.39031172812500003 0.74556820625 0.3759139875 0.734861365625 0.3354817609375 0.715650503125 0.301654215625 0.69652345625 0.27682534062499997 0.6193660984375 0.1469811609375 0.5921199500000001 0.1498983734375 0.5223146109375 0.1714309671875 0.5210533468749999 0.1764425328125
18 0.5664442546944533 0.1718346005364625 0.06293635200509069 0.041140210466873973
23 0.5830414086966804 0.18728529528890808 0.07545453333863605 0.043430752560248774
26 0.5949510626989076 0.20300900582636922 0.07696248933799979 0.038834257821920556
0 0.602981738701453 0.22130397951800998 0.07541817067154533 0.04030575256024882
7 0.6102675273710891 0.24276945584048662 0.08172271467218159 0.04535727360693613
36 0.6230311567074981 0.2646976637471118 0.0817590773392725 0.04848227360693613
11 0.6326516047103616 0.28524538217708073 0.08174089600572713 0.04691977360693613
1 0.6470050060470888 0.30942633482203413 0.08481135200509068 0.04241428413027979
0 0.6543180667170432 0.33323556114451075 0.08484771467218159 0.045539284130279786
5 0.6678447647199066 0.35355576642030007 0.08174089600572713 0.04691977360693613
0 0.6806356660566337 0.3778277243269253 0.07857953333863606 0.04361276308359248