19 0.5361328125 0.64453125 0.533203125 0.6474609375 0.533203125 0.6806640625 0.5380859375 0.685546875 0.544921875 0.6845703125 0.6572265625 0.677734375 0.662109375 0.6748046875 0.662109375 0.6396484375 0.6591796875 0.63671875 0.6455078125 0.63671875 0.5361328125 0.64453125
18 0.5390625 0.65859375 0.01171875 0.025
23 0.55078125 0.6671875 0.0109375 0.02890625
26 0.5625 0.66484375 0.0109375 0.02890625
0 0.575 0.66484375 0.0109375 0.02578125
7 0.5859375 0.6640625 0.0109375 0.0265625
12 0.5984375 0.6640625 0.0109375 0.0296875
13 0.609375 0.66328125 0.0109375 0.02890625
0 0.621875 0.66171875 0.01015625 0.0265625
6 0.6328125 0.6609375 0.01015625 0.02578125
4 0.6453125 0.66015625 0.0109375 0.0265625
8 0.65625 0.659375 0.0109375 0.0265625