19 0.3225753984375 0.2558488796875 0.2844743515625 0.32022520781249997 0.28183414687499997 0.33173232812500003 0.338880678125 0.34289002968750004 0.3422504078125 0.34057401875000004 0.4321330921875 0.18964699375 0.43006435156249995 0.18379122812499998 0.40599918593749995 0.1764965515625 0.3773554390625 0.170894134375 0.374517840625 0.1728444125 0.3629839078125 0.1971463015625 0.3225753984375 0.2558488796875
18 0.32137155246570626 0.3285609711827486 0.04037269448207601 0.02568183847375849
23 0.32157294832726324 0.30979733441327345 0.04497830732694626 0.024201159090609537
26 0.3287237070336905 0.2927189285690748 0.04654080732694625 0.024228432629559826
0 0.3420016350074232 0.27809336688067754 0.04004514586155698 0.01943183847375849
7 0.3498517565587207 0.262591097805954 0.0448964201718165 0.022638659090609536
12 0.3616081281100182 0.2471570125786064 0.03700203301668674 0.02093979139585782
11 0.3685541689286211 0.23398485673440778 0.04325203301668683 0.02104888555165916
6 0.378625209747224 0.22086724796810983 0.03692014586155708 0.01937729139585782
6 0.3863525005658269 0.20770872889338637 0.04004514586155707 0.01943183847375849
7 0.3971229042293 0.19616725689656359 0.04645892017181659 0.02266593262955987
9 0.4048092514703381 0.18378998782184008 0.04012703301668665 0.02099433847375849