19 0.4130859375 0.67578125 0.41015625 0.6787109375 0.41015625 0.7060546875 0.4130859375 0.708984375 0.439453125 0.7080078125 0.5556640625 0.69921875 0.55859375 0.6962890625 0.55859375 0.6708984375 0.5556640625 0.666015625 0.5341796875 0.666015625 0.4130859375 0.67578125
18 0.4171875 0.68828125 0.0109375 0.0171875
23 0.43046875 0.690625 0.01328125 0.025
26 0.44375 0.69140625 0.01015625 0.02421875
0 0.4578125 0.6890625 0.0125 0.0234375
7 0.4703125 0.6890625 0.0109375 0.02265625
36 0.48515625 0.68828125 0.01484375 0.02421875
20 0.4984375 0.68671875 0.0109375 0.02421875
1 0.51171875 0.68515625 0.01015625 0.02265625
7 0.52421875 0.68515625 0.01171875 0.0234375
7 0.53671875 0.684375 0.0109375 0.02265625
7 0.55 0.6828125 0.0125 0.025