19 0.4326171875 0.666015625 0.42578125 0.6708984375 0.4296875 0.6865234375 0.4404296875 0.6953125 0.490234375 0.6943359375 0.5537109375 0.689453125 0.564453125 0.6787109375 0.564453125 0.6689453125 0.5537109375 0.66015625 0.5087890625 0.66015625 0.4326171875 0.666015625
18 0.44140625 0.68125 0.0125 0.021875
23 0.45546875 0.67890625 0.0125 0.01875
26 0.46640625 0.67890625 0.00859375 0.0203125
0 0.478125 0.678125 0.0109375 0.01953125
7 0.48828125 0.67734375 0.0078125 0.01875
12 0.50234375 0.67578125 0.0109375 0.01953125
16 0.51328125 0.67578125 0.009375 0.02109375
2 0.52578125 0.6765625 0.00703125 0.02109375
4 0.53515625 0.675 0.01015625 0.021875
3 0.54453125 0.675 0.00859375 0.02109375
0 0.5546875 0.6734375 0.01015625 0.01875