19 0.368854928125 0.47843212187499995 0.343135128125 0.35931464375 0.3406097453125 0.3570646015625 0.3017225875 0.35820710624999996 0.3073064015625 0.398324403125 0.326222465625 0.490398875 0.3297988703125 0.4952616140625 0.36872070468749996 0.495944065625 0.371010846875 0.4933032359375 0.368854928125 0.47843212187499995
18 0.34660492084918504 0.4906220839044009 0.03050637155129756 0.01735409997176518
23 0.33661576718571196 0.4783573023343698 0.03363137155129756 0.017536110495108836
26 0.3367419199446739 0.46590280496520575 0.03363137155129756 0.017536110495108836
0 0.3352236855485061 0.4517948023343698 0.03050637155129756 0.01735409997176518
7 0.333828281885033 0.44003054970353384 0.0319869843961678 0.01588260523343692
12 0.33235099106643007 0.426703797072698 0.035193871551297565 0.017627115756780755
13 0.332518087402957 0.41503054970353387 0.033549484396167804 0.015973610495108835
0 0.3309998530067892 0.400922547072698 0.030424484396167805 0.01579159997176518
6 0.3303447557657512 0.38842254707269797 0.028780097241038048 0.014138094710093262
4 0.3296487149471483 0.375141297072698 0.0319869843961678 0.01588260523343692
8 0.32903456128367514 0.363422547072698 0.03050637155129756 0.01735409997176518