19 0.21834779218749997 0.3598034796875 0.2319463609375 0.434023590625 0.28944123906249997 0.7083301125 0.2985596265625 0.7161827374999999 0.314790465625 0.7217458078125001 0.3495066953125 0.7156915765625 0.350939940625 0.7153910265625 0.308759375 0.41929535937500007 0.2947712765625 0.35277103906249996 0.284048146875 0.3368046671875 0.2571575578125 0.34149417031249996 0.2410834671875 0.34486489374999996 0.21834779218749997 0.3598034796875
18 0.26007552634642445 0.36933678652788915 0.05681656603337348 0.04157957386326192
16 0.25601214608869965 0.4021901968363147 0.06142217887824373 0.040098894480112966
20 0.2629272094085397 0.43407144237208783 0.056570904567984304 0.03689207386326192
0 0.26910196630594474 0.4651850746773361 0.05681656603337348 0.04157957386326192
5 0.2721517232033496 0.496353254060485 0.056734678878243815 0.04001707386326192
20 0.27816270579049507 0.5305918863657334 0.050157130257724794 0.03365797970746058
24 0.2810896319552055 0.5641038157488824 0.06018722749876275 0.046321620941162676
1 0.2887040581199158 0.5975339245151803 0.05320024310259504 0.03215002678536116
4 0.2926169521724505 0.627125967128854 0.05171963025772479 0.033685253246410876
7 0.29801045906985546 0.6582532362035776 0.06314845318850323 0.04325116801906326
9 0.3017186352345658 0.6917515288172513 0.05500840456798421 0.03686480032431163