19 0.6455078125 0.60546875 0.5205078125 0.6171875 0.517578125 0.6201171875 0.515625 0.6923828125 0.5205078125 0.697265625 0.533203125 0.6962890625 0.7568359375 0.658203125 0.76171875 0.6533203125 0.759765625 0.5927734375 0.7509765625 0.587890625 0.6650390625 0.599609375 0.6455078125 0.60546875
18 0.53203125 0.64453125 0.02890625 0.046875
33 0.55625 0.653125 0.02265625 0.05390625
11 0.5796875 0.65 0.0203125 0.05390625
0 0.603125 0.64609375 0.01875 0.05546875
2 0.625 0.64296875 0.01640625 0.053125
10 0.64765625 0.64140625 0.01875 0.05234375
14 0.66875 0.6375 0.01953125 0.053125
9 0.6890625 0.634375 0.0171875 0.04921875
7 0.709375 0.6296875 0.01875 0.05
0 0.73046875 0.62734375 0.0171875 0.04453125
5 0.75 0.62421875 0.01796875 0.05234375