19 0.3021166890625 0.763196728125 0.3322947265625 0.7675812390625001 0.4131516109375 0.7711624234375 0.6134304375 0.6695987390625 0.713984146875 0.611475828125 0.593542684375 0.5897656484375 0.5483091453125 0.6233887499999999 0.5309286109375 0.6290299296875 0.496965740625 0.650636209375 0.4126590078125 0.691468803125 0.39887395312499996 0.7017155453125 0.374850778125 0.710474809375 0.3403881359375 0.7360916609375 0.3028410171875 0.755011925 0.3021166890625 0.763196728125
18 0.633360692457755 0.6107195652062007 0.08390377404661713 0.03607327886860787
17 0.6216791479927177 0.6334290231128259 0.09807540145127884 0.040017326223654594
28 0.5949628805695226 0.6498051810335685 0.09166171034428636 0.03496580517696728
2 0.558117644997493 0.6663710547534443 0.08853671034428637 0.03478379465362345
6 0.5321826275742978 0.6827927153050227 0.08691964664195542 0.03313028939195171
11 0.5046578282999372 0.6983421205949295 0.08842758293962447 0.031658794653623444
36 0.47398074717441113 0.7129282653614926 0.09327877404661714 0.036619310438639016
0 0.4494718204953889 0.725534681174743 0.08999008293962447 0.03174979991529536
5 0.4187947393698629 0.740120825941306 0.09322421034428637 0.03505681043863902
2 0.39662956269084054 0.7528637496470642 0.08686508293962455 0.031567789391951706
8 0.3729018860118182 0.7655156680911505 0.0836855192372937 0.02982327886860805