19 0.64453125 0.5126953125 0.64453125 0.5302734375 0.6484375 0.5517578125 0.6533203125 0.556640625 0.66015625 0.5556640625 0.7958984375 0.537109375 0.794921875 0.4970703125 0.7919921875 0.494140625 0.7783203125 0.494140625 0.6474609375 0.509765625 0.64453125 0.5126953125
18 0.65546875 0.5265625 0.01796875 0.02578125
31 0.66953125 0.52890625 0.01640625 0.0296875
26 0.6828125 0.528125 0.01328125 0.02890625
8 0.69765625 0.525 0.01484375 0.0265625
5 0.71171875 0.5234375 0.01328125 0.02734375
11 0.72578125 0.52265625 0.01328125 0.028125
34 0.7390625 0.5203125 0.0140625 0.02890625
1 0.75234375 0.51875 0.01015625 0.028125
6 0.765625 0.51640625 0.01171875 0.02890625
1 0.778125 0.51640625 0.01015625 0.02734375
1 0.78984375 0.51484375 0.01171875 0.028125