19 0.822265625 0.7666015625 0.82421875 0.6982421875 0.822265625 0.5927734375 0.8173828125 0.587890625 0.7841796875 0.587890625 0.7666015625 0.591796875 0.6416015625 0.591796875 0.6357421875 0.595703125 0.5986328125 0.591796875 0.5888671875 0.595703125 0.5419921875 0.59765625 0.5048828125 0.595703125 0.3720703125 0.599609375 0.3642578125 0.603515625 0.3486328125 0.599609375 0.1826171875 0.599609375 0.177734375 0.6083984375 0.177734375 0.7255859375 0.181640625 0.7841796875 0.1865234375 0.7890625 0.2060546875 0.791015625 0.33984375 0.7900390625 0.4326171875 0.78515625 0.5537109375 0.78515625 0.6396484375 0.779296875 0.7724609375 0.779296875 0.8173828125 0.7734375 0.822265625 0.7666015625
18 0.20859375 0.66640625 0.05546875 0.1046875
13 0.259375 0.696875 0.05625 0.1328125
22 0.3171875 0.69765625 0.05078125 0.1328125
3 0.3796875 0.69609375 0.05 0.12734375
12 0.4328125 0.69296875 0.0484375 0.125
10 0.50078125 0.6921875 0.05 0.12734375
23 0.5625 0.690625 0.0578125 0.121875
0 0.63046875 0.690625 0.04765625 0.125
8 0.684375 0.68828125 0.04453125 0.11953125
5 0.74140625 0.68828125 0.05546875 0.125
7 0.79609375 0.67890625 0.0453125 0.11484375