19 0.2526833890625 0.6088090234375 0.2557073609375 0.6119286078124999 0.27218455 0.6129815140625 0.35900369374999996 0.61064866875 0.3619019328125 0.6078612796875 0.358101678125 0.5115047390624999 0.352022221875 0.4050939234375 0.344312190625 0.343587278125 0.245987003125 0.34129873437499997 0.237523234375 0.34113805625000004 0.24209100781249998 0.43920998593749994 0.247743534375 0.5074253468750001 0.24633193750000001 0.5271524015625 0.25351657968749997 0.5692277484375 0.2526833890625 0.6088090234375
18 0.28165468424145307 0.3671018067051044 0.062247442927905364 0.029543336056041713
23 0.2822197644729114 0.39598987290951404 0.06402826674922305 0.034267203647222286
26 0.2809676335794993 0.41937282152274324 0.06188356989237613 0.021730836056041626
0 0.2835125907754284 0.4405029391139238 0.05868579528527036 0.020095600873680654
6 0.2859847733642516 0.4600705567051044 0.061956344499481994 0.023293336056041624
12 0.28882082898860406 0.48745067429628486 0.06210189371369372 0.026418336056041623
10 0.28924036000585074 0.5132137405006947 0.06373716832079959 0.028017203647222287
5 0.29129516563020325 0.5405756742962848 0.065081344499482 0.023366071238402952
5 0.2938037355225794 0.5609245418874655 0.061956344499481994 0.023293336056041624
2 0.2970571681114026 0.5805103432742363 0.060539393713693636 0.026381968464861138
8 0.2996385126108846 0.6024217108654168 0.060393844499482 0.023256968464861315