19 0.528368309375 0.593225134375 0.5289904171875001 0.59632330625 0.53971369375 0.59720428125 0.590627071875 0.587629909375 0.593114578125 0.5841304140625 0.594200490625 0.49116466875000003 0.5895008578125001 0.46775990156249997 0.577786825 0.46799781406249996 0.534228025 0.47723931249999996 0.528123440625 0.5872569999999999 0.528368309375 0.593225134375
18 0.5656779630024931 0.5865107943251058 0.039762836958138335 0.019234678878243726
31 0.5566703775272295 0.5768049236783195 0.05245383794672147 0.024577276119281777
26 0.5577553750557716 0.5650042865231898 0.046076503954332715 0.021124727498762753
8 0.5580272890862165 0.5524633429456248 0.04445033695813834 0.019480340343633173
0 0.5598935366147585 0.5406217622129302 0.04295150395433271 0.020960953188503238
12 0.5587302846375921 0.531287705790495 0.04295150395433271 0.020960953188503238
23 0.5574715321661342 0.51960989936806 0.047575336958138335 0.019644114653892687
9 0.5592741126984819 0.5062058186353653 0.04132533695813834 0.019316566033373662
8 0.5589557777175098 0.4983933186353653 0.04432300296574958 0.016355340343633173
3 0.5608538587441492 0.48733298790267077 0.04451400395433271 0.021042840343633174
4 0.5634058557783996 0.47310671359241124 0.046012836958138334 0.01956222749876275