19 0.6615225375 0.605589590625 0.761900125 0.59718585625 0.8326957234375 0.5862083328125001 0.8480856453125 0.5818527203125 0.8486917640625 0.5807864656249999 0.8199372281249999 0.4578562984375 0.8140524484375 0.45324934062500005 0.7535561937499999 0.4639852859375 0.6289500765625 0.4715169640625 0.625849603125 0.47486223125000004 0.6265408 0.47781720468750005 0.659071115625 0.6033095796875 0.6615225375 0.605589590625
18 0.8115713307664161 0.4721353062763007 0.0339579886359143 0.0667708377489479
23 0.8017735909126857 0.49668143849028584 0.03590231818121907 0.08870040145127885
26 0.7860122232179341 0.5050395755135944 0.0374375446422686 0.08719246515360979
0 0.7694696055231823 0.5134249943880684 0.040589818181219074 0.08886409255827132
7 0.7544485775200052 0.5240995995602116 0.03913641233702041 0.09505952885594056
12 0.7386735730557783 0.53323898658352 0.037519365259119655 0.09187996515360979
17 0.7236934553610266 0.5415698417556631 0.04067163879807012 0.09355159255827132
1 0.7071781112052251 0.5483927606301371 0.03587504464226861 0.08713790145127867
4 0.6914303802799486 0.5559696476534457 0.03749209172016936 0.09031746515360979
6 0.675669012585197 0.5643277846767543 0.03746481818121907 0.08875496515360978
6 0.6599212816599204 0.5719046717000629 0.03431254464226861 0.0870833377489479