19 0.3681640625 0.732421875 0.361328125 0.7373046875 0.365234375 0.7724609375 0.3701171875 0.78125 0.380859375 0.7802734375 0.5810546875 0.765625 0.58203125 0.7412109375 0.578125 0.7216796875 0.5751953125 0.71875 0.5537109375 0.71875 0.3681640625 0.732421875
18 0.37578125 0.7515625 0.01953125 0.0265625
23 0.39375 0.75703125 0.01953125 0.03359375
26 0.41328125 0.75390625 0.0171875 0.03125
0 0.434375 0.753125 0.0171875 0.0328125
7 0.4515625 0.75 0.0171875 0.03359375
12 0.47265625 0.74921875 0.0171875 0.03046875
13 0.4921875 0.7484375 0.01875 0.03203125
8 0.5109375 0.746875 0.01796875 0.03125
9 0.53125 0.7453125 0.0171875 0.02890625
6 0.54921875 0.74375 0.0171875 0.0296875
1 0.56875 0.74140625 0.0125 0.0296875