19 0.3662331296875 0.29395037031250004 0.3637229703125 0.2889592796875 0.30681466875 0.30169658125 0.3024800265625 0.30623058125 0.282346853125 0.4268508296875 0.28295043125 0.439628928125 0.351890884375 0.4231874234375 0.3526193890625 0.42189664374999997 0.3662331296875 0.29395037031250004
18 0.332125261758645 0.3074974965815275 0.049583920171816585 0.023002395326597203
23 0.32879222184455326 0.3185259155594789 0.059040807326946346 0.02478310087368065
26 0.3231563755080264 0.33039013592420113 0.06348264586155698 0.020204703647222287
0 0.3291164484388049 0.3396378493550692 0.05262703301668683 0.021512630508958352
7 0.32508404567984295 0.35224695212861085 0.05114642017181659 0.023038762917777865
12 0.3241356993433161 0.36400206971979143 0.05591580732694625 0.024710365691319503
14 0.3185407965843541 0.3766475400845136 0.0527089201718165 0.023075130508958354
9 0.3200590309805219 0.3906918562889234 0.05262703301668683 0.021512630508958352
1 0.3198100474888652 0.40086629008451363 0.04637703301668683 0.021367160144236053
3 0.31795762041964376 0.41029584147128445 0.04465075870642723 0.018205792553055565
5 0.3153239433504223 0.4197435766536456 0.0466226944820761 0.026054660144236054