19 0.729649909375 0.7680717265625 0.723288203125 0.74333776875 0.692564396875 0.74532783125 0.636748446875 0.7572044124999999 0.6415458109375 0.7916053328125 0.6462386312499999 0.7922695531249999 0.6842493390625 0.786256659375 0.72808556875 0.7777386875000001 0.729649909375 0.7680717265625
18 0.6427855855496256 0.7688043159218318 0.008576503954332714 0.01915943577564878
28 0.6515703365382087 0.7730414365686183 0.013773339923887917 0.03190509724103805
20 0.6585060860439172 0.7703291943705344 0.010393671939110404 0.025491322930778538
0 0.6654736690477229 0.7683982021724505 0.011956171939110406 0.025573210085908293
2 0.6740674190477229 0.7679478228192369 0.010457338935304605 0.027053822930778536
12 0.6810350020515284 0.766016830621153 0.011956171939110227 0.025573210085908293
16 0.6903145015572368 0.7631817576903744 0.015272172927693362 0.030424484396167628
1 0.6965008345610425 0.7612917090698554 0.008894838935304605 0.02697193577564878
8 0.7035002510629452 0.7601419668717716 0.01052100593149916 0.028616322930778537
2 0.7120303340667509 0.7581290875185579 0.01208350593149916 0.028698210085908293
8 0.7198110005686538 0.7569384017429093 0.01208350593149916 0.028698210085908116