19 0.8947060515624999 0.569744353125 0.9119177796875 0.56413031875 0.9149516 0.5581297375000001 0.8952027125 0.28260703125000003 0.8942100140625 0.2741579515625 0.8904024703125 0.260228296875 0.7719151328125 0.2913360390625 0.7826585078125 0.588873990625 0.7839571000000001 0.596345425 0.7906736624999999 0.599793934375 0.8947060515624999 0.569744353125
18 0.8282851230455875 0.30090254995311777 0.0878636143631848 0.06300906010845857
23 0.8347669272021179 0.34078266138943625 0.06897725897699018 0.03946247579950315
26 0.8341265777678519 0.36499686620989646 0.06895907825883114 0.03633747579950315
0 0.8350305476154267 0.3860951613894362 0.0720658975406721 0.03323065651766237
7 0.8328322433607006 0.4110815258508168 0.06742384933607007 0.04101588544042354
12 0.8361572312604523 0.44547470656897603 0.07836134933607006 0.041079517953980904
15 0.837842451108027 0.46657754692805564 0.07679884933607006 0.041070427594901204
1 0.8372839149054776 0.504854251748516 0.06427157825883115 0.036310204722264317
4 0.8405179992144329 0.5236224324666751 0.07991475897699019 0.0395261083130606
6 0.836734469062008 0.544693456568976 0.07992384933607007 0.041088608313060423
4 0.8384333244482022 0.5681400469280558 0.08309430113146803 0.04891928903121965