19 0.31205443593750004 0.7145800796875 0.319038921875 0.7034878671875 0.318937171875 0.702461375 0.3170780578125 0.6886308046875 0.284902775 0.497311896875 0.2642597890625 0.3285448890625 0.25571525781250004 0.32357270625 0.2443752671875 0.3253721 0.23622618750000002 0.33200442343750003 0.18863770625 0.3454881171875 0.1862301203125 0.350813896875 0.193079475 0.4100408390625 0.20610117031250003 0.5117933890625 0.23985135156249998 0.714075603125 0.2451505546875 0.71817849375 0.287730878125 0.71339948125 0.2938628703125 0.71681691875 0.31205443593750004 0.7145800796875
18 0.2666298994270866 0.690625 0.0426965773392725 0.04375
16 0.2506049100890868 0.65625 0.05199885200509069 0.0375
20 0.24783389875076883 0.61953125 0.05350680800445433 0.0328125
1 0.2458895907463145 0.58671875 0.05038180800445433 0.0328125
5 0.24238278274186018 0.55390625 0.05354317067154524 0.0359375
12 0.2388032494032241 0.51484375 0.05043635200509069 0.0375
10 0.2337339413987697 0.48203125 0.05354317067154524 0.0359375
0 0.23415156472786083 0.45078125 0.05352498933799978 0.034375
2 0.23063566605663377 0.4171875 0.05196248933799978 0.034375
5 0.23024476738540672 0.38359375 0.05350680800445433 0.0328125
4 0.22515727804740693 0.34921875 0.05350680800445433 0.0328125