19 0.6239848218749999 0.569587953125 0.621441825 0.5711023734375 0.5708030265625 0.7426936625 0.624991440625 0.759925203125 0.6286760859375 0.757730903125 0.6790755171875 0.6022518421874999 0.6791136015625 0.6020835265625 0.6817713140625 0.584676746875 0.6645819765625001 0.579891615625 0.6239848218749999 0.569587953125
18 0.5925037217924825 0.7394736480794797 0.03606476502711473 0.02271145459715278
23 0.6064844085607659 0.7257384564001047 0.04074317466803503 0.021258057370694416
26 0.6110810049699696 0.7102225591736463 0.040761355386194256 0.024383057370694416
0 0.6156776013791735 0.694706661947188 0.04073408430895533 0.019695557370694415
7 0.6202741977883773 0.6791907647207297 0.04232385538619425 0.02441942496187508
12 0.6256474990180414 0.6629118012898616 0.04074317466803503 0.021258057370694416
21 0.6310253454272452 0.6474140878589936 0.04232385538619425 0.02441942496187508
1 0.637184441836449 0.6319345582237158 0.04231476502711473 0.02285692496187508
4 0.6417719478865732 0.6148561609972575 0.04388635538619425 0.024455792553055567
1 0.648712294295777 0.59939481515757 0.04230567466803503 0.02129442496187508
1 0.6533088907049809 0.5838789179311117 0.04387726502711473 0.022893292553055566