19 0.6572823078125001 0.6101936125 0.6845194015625 0.6076493671875001 0.65893805625 0.3496821953125 0.653795746875 0.3453900953125 0.6206705218749999 0.348699634375 0.616050446875 0.3564322734375 0.62404293125 0.41335017812499997 0.6522808609374999 0.6089881109374999 0.6572823078125001 0.6101936125
18 0.634650693309387 0.36287764341976875 0.034556807181592396 0.031649989337999784
33 0.6438757023845734 0.3887679814210414 0.03608294574527378 0.025418170671545327
11 0.6453018469983791 0.4122236627545869 0.03764544574527377 0.02543635200509069
8 0.6482632205349459 0.4403850254216778 0.029823855386194253 0.023782945337363515
6 0.6489172055078312 0.46226911608845056 0.02512726502711473 0.022165901336727245
12 0.6549990338648584 0.49124809142263226 0.032976126463433175 0.02850680800445442
8 0.656402452580965 0.5186100227561777 0.028261355386194252 0.023764764003817974
0 0.6586053020152309 0.5428560447564958 0.028270445745273775 0.025327264003817972
2 0.6615894014494967 0.5671111574235868 0.032957945745273776 0.02538180800445442
8 0.6637922508837628 0.5913571794239049 0.03607385538619425 0.023855670671545325