19 0.3916015625 0.529296875 0.388671875 0.5576171875 0.390625 0.5888671875 0.3935546875 0.591796875 0.4453125 0.5908203125 0.5615234375 0.587890625 0.56640625 0.5830078125 0.56640625 0.5263671875 0.5615234375 0.521484375 0.5302734375 0.521484375 0.3916015625 0.529296875
18 0.4015625 0.55625 0.01484375 0.034375
23 0.41640625 0.5578125 0.01484375 0.0359375
26 0.4296875 0.55703125 0.01171875 0.03515625
0 0.446875 0.5578125 0.01328125 0.03359375
7 0.4609375 0.55703125 0.0140625 0.03515625
12 0.4765625 0.55546875 0.01328125 0.0328125
15 0.490625 0.55390625 0.0125 0.034375
3 0.50703125 0.55390625 0.01328125 0.034375
8 0.5203125 0.55234375 0.0125 0.03203125
2 0.53515625 0.55390625 0.01484375 0.03671875
3 0.55078125 0.5515625 0.01484375 0.03671875