19 0.3759765625 0.57421875 0.3681640625 0.57421875 0.3544921875 0.56640625 0.2861328125 0.54296875 0.2763671875 0.53515625 0.240234375 0.5263671875 0.236328125 0.5322265625 0.23828125 0.5517578125 0.24609375 0.5888671875 0.2626953125 0.63671875 0.2724609375 0.64453125 0.3076171875 0.66015625 0.3115234375 0.66015625 0.3125 0.6513671875 0.3173828125 0.650390625 0.3193359375 0.654296875 0.3212890625 0.65234375 0.3388671875 0.662109375 0.3544921875 0.666015625 0.4033203125 0.6875 0.4326171875 0.705078125 0.4453125 0.7080078125 0.44921875 0.7060546875 0.443359375 0.6708984375 0.4453125 0.6416015625 0.439453125 0.6044921875 0.4306640625 0.59375 0.3759765625 0.57421875
18 0.2578125 0.57109375 0.02109375 0.0453125
23 0.2734375 0.59296875 0.0265625 0.0640625
26 0.284375 0.596875 0.01953125 0.05859375
7 0.30390625 0.6046875 0.0234375 0.065625
7 0.31484375 0.61171875 0.01796875 0.06484375
12 0.3359375 0.62265625 0.02421875 0.06484375
12 0.35390625 0.62734375 0.0234375 0.0640625
1 0.37265625 0.6359375 0.01953125 0.0640625
1 0.390625 0.6421875 0.01796875 0.06484375
1 0.40859375 0.65234375 0.01953125 0.06640625
2 0.42890625 0.66015625 0.02421875 0.06796875