19 0.289084615625 0.7235519921875 0.2955124515625 0.782066496875 0.29852185468750003 0.7985082140624999 0.3070223421875 0.804006590625 0.3669220953125 0.792018546875 0.5095040125 0.7755312437499999 0.5567123656249999 0.7643934875 0.5697799390625 0.7655984124999999 0.5821809890625 0.7573127484375 0.5795801265625 0.7179092 0.5722719265625 0.67661565625 0.567972159375 0.6738344359374999 0.449849021875 0.695271059375 0.2941137 0.7159335953125 0.289084615625 0.7235519921875
18 0.30779982669934036 0.7481550212173571 0.03206820616851021 0.048148339923887916
23 0.33296346793304243 0.7565113492782469 0.03382162094116259 0.05914950692008212
26 0.35869017085514177 0.7523358438410395 0.03535684740221221 0.05765067391627667
0 0.3836765340856666 0.7505359219019292 0.03223184740221221 0.05752333992388792
7 0.41021176054671626 0.7478910829666245 0.03225912094116268 0.05908583992388792
12 0.4359793737772411 0.7460593275294171 0.03064207386326192 0.05589717292769336
14 0.4593623266993404 0.7419793225865012 0.03066934740221221 0.05745967292769336
3 0.4866651663909149 0.7385214001530993 0.03064207386326192 0.05589717292769336
5 0.5116242560824894 0.7351589782139891 0.0322591209411625 0.05908583992388792
5 0.5389680060824894 0.7340448057805873 0.033903441558013545 0.06383700692008212
3 0.5639680060824894 0.733026133841477 0.0291341209411625 0.058958505931499164