19 0.3291015625 0.6796875 0.322265625 0.6845703125 0.322265625 0.7373046875 0.328125 0.7490234375 0.3369140625 0.75390625 0.693359375 0.7529296875 0.69921875 0.7353515625 0.69921875 0.6806640625 0.6943359375 0.677734375 0.6494140625 0.677734375 0.6240234375 0.68359375 0.3291015625 0.6796875
18 0.34609375 0.709375 0.03125 0.03984375
21 0.37734375 0.7203125 0.03046875 0.04921875
22 0.4109375 0.7171875 0.03125 0.05
6 0.4546875 0.71796875 0.03046875 0.0453125
7 0.48671875 0.71875 0.02890625 0.0421875
10 0.53125 0.71953125 0.0296875 0.04765625
8 0.575 0.71953125 0.02890625 0.04140625
5 0.609375 0.7171875 0.028125 0.04375
0 0.64140625 0.71953125 0.0296875 0.0421875
2 0.67421875 0.71953125 0.02890625 0.04609375