19 0.46491717499999996 0.6511129765625 0.450658046875 0.652614421875 0.3381506796875 0.6727026203124999 0.336626971875 0.6747708171875 0.34373040312500003 0.7114148359375 0.347364053125 0.7141151531250001 0.3543653625 0.7133779359375 0.35534123906250004 0.7131301890625 0.4710998453125 0.69372983125 0.47467256406249997 0.6909028734375 0.470755275 0.6651455000000001 0.4685598265625 0.653819978125 0.46491717499999996 0.6511129765625
18 0.4649526130812303 0.674972260288307 0.018333505931499162 0.02902575870642714
23 0.45516377760596677 0.6846371873575284 0.02008700692008212 0.033795145861557074
26 0.44188252760596675 0.6839411465389256 0.018460839923887917 0.03215075870642714
0 0.429255193613578 0.6864110492978875 0.016771005931498984 0.028943871551297563
7 0.4182858601154808 0.6866190892119792 0.01683467292769336 0.03050637155129756
12 0.404877276123092 0.6890480483933764 0.02008700692008212 0.033795145861557074
13 0.393158526123092 0.6884338947299032 0.018524506920082208 0.033713258706427315
0 0.37978177562880044 0.6900816039113004 0.015208505931499073 0.028861984396167627
6 0.3688124421307032 0.690289643825392 0.018269838935304605 0.02746325870642714
4 0.35546752513450885 0.6911561030067892 0.01683467292769336 0.03050637155129756
8 0.34449819163641165 0.6913641429208809 0.016834672927693452 0.03050637155129756