19 0.60141088125 0.7102919296875 0.579396728125 0.7147840703125 0.488726571875 0.7109477078124999 0.2727636453125 0.7122045265625 0.275322040625 0.7610480828124999 0.281619528125 0.7726111296875 0.28977782812499997 0.7772446046875 0.49779196406250004 0.7832978140625 0.62973489375 0.7867764859374999 0.653905803125 0.7866358203125 0.656178240625 0.7786292265625 0.6554241281250001 0.7138011093750001 0.6506721625 0.7109036421875 0.6249446796875 0.7101549734375 0.60141088125 0.7102919296875
18 0.6318735162372603 0.7440649088057777 0.036094008897248564 0.043788541356328814
21 0.5993329302677051 0.7550730293601076 0.03647601087441501 0.05316354135632899
22 0.5650534307619968 0.7511282380037787 0.03647601087441501 0.053163541356328815
6 0.5211442632715106 0.7529967990048148 0.036348676882026254 0.05003854135632899
7 0.4874868462753163 0.7529946449520388 0.033096342889637496 0.046767992142117264
10 0.44360951228292755 0.7540819559530748 0.03328734387822045 0.05145549214211709
8 0.398201511788636 0.754315242347005 0.034595175893442943 0.04527826674922295
5 0.3637946782905388 0.7534954509906762 0.031597509885831696 0.04825771753501122
0 0.33163609429815005 0.755128571545006 0.03303267589344294 0.04520549214211726
2 0.29797867730195565 0.7551264174922301 0.036348676882026074 0.05003854135632881