19 0.5426711953125001 0.41222306875000003 0.5441303203125 0.3926365453125 0.5402294999999999 0.38647046875 0.5112987828125 0.366792853125 0.503471284375 0.3648412390625 0.497587734375 0.3685677953125 0.489708525 0.3873772578125 0.402926903125 0.7266324765625 0.397835265625 0.7520367109375 0.397149496875 0.756927671875 0.40300719531249996 0.7635816484375 0.427991465625 0.7771838484375 0.4442694140625 0.7810417921874999 0.4480023796875 0.7799937031249999 0.45632984062500004 0.7384446421875 0.49146729218749996 0.6246389875 0.4946655125 0.5984302375 0.5058737718749999 0.5674836062499999 0.5426711953125001 0.41222306875000003
18 0.5016063891528567 0.3982441408031767 0.04401362041330899 0.04556703005422928
23 0.4881251512531051 0.432541872751 0.04557612041330898 0.04557612041330898
26 0.4832376633533535 0.46688960167376103 0.04243293969514959 0.04243293969514959
0 0.4759927899149825 0.5035674450579029 0.03619203005422929 0.04395907825883114
7 0.47346268755385035 0.5355850595192834 0.040861349336070066 0.040861349336070066
12 0.4662132689359396 0.5730441529034251 0.042451120413308986 0.04555793969514958
12 0.45662010031802874 0.6104896107489475 0.040897710772388504 0.047111349336070064
1 0.45097408831597613 0.6409265444921688 0.04083407825883114 0.03617384933607006
1 0.44686785041622457 0.6752788185944697 0.03769998789975162 0.03459316861791066
1 0.43963661251647296 0.7096129119786114 0.039298849336070064 0.04085225897699054
2 0.4363161697962612 0.7431884812604522 0.042469301131468205 0.048682939695149585