19 0.8066363171875001 0.232241425 0.8044697984375 0.22925068125 0.7303338375 0.2191055703125 0.722548809375 0.2250476640625 0.7079900921875 0.28462127656249997 0.6622807749999999 0.4233556734375 0.65235705625 0.470737709375 0.6456758546875 0.482760334375 0.6479868296875 0.49657329375000003 0.6912041046875 0.505376328125 0.725692478125 0.508224 0.7306423078125001 0.50444593125 0.7613744812500001 0.38752774375 0.7981067281249999 0.269799653125 0.8066363171875001 0.232241425
18 0.7296654093176826 0.23844450981146964 0.04538774310259512 0.03303267589344294
23 0.7369489648356067 0.26309434133240045 0.058051517412854636 0.036667011862998145
26 0.7325137703535306 0.2882216753247893 0.058051517412854636 0.036667011862998145
0 0.7304223258714545 0.3132535088228865 0.057887743102595125 0.03354201186299814
7 0.7266864942342488 0.33991150931717806 0.05945024310259513 0.03360567885919252
12 0.7230325497521728 0.3650070098114696 0.05468085594746519 0.031852177870609386
14 0.7186792424252266 0.38857184380385845 0.057887743102595125 0.03354201186299806
3 0.7157246607880208 0.41519801080005275 0.056325243102595124 0.03347834486680377
5 0.7105082163059446 0.4403571782905388 0.058051517412854636 0.036667011862998145
5 0.7091161346687389 0.4669196782905388 0.06430151741285464 0.036921679847775654
3 0.7070246901866628 0.491951511788636 0.06101274310259512 0.033669345855386903