19 0.4185675 0.1700560609375 0.3578734625 0.160941109375 0.3534849125 0.1611454265625 0.35132376875000004 0.16357336718749999 0.35383605937499996 0.16961880000000001 0.40994870624999996 0.259549684375 0.4388569765625 0.3157513265625 0.4443632015625 0.3206501828125 0.46105372187500004 0.32406885937499996 0.498065246875 0.3246105703125 0.5271962078125 0.3295717796875 0.529639765625 0.328849078125 0.528909546875 0.3109354953125 0.5218787796875 0.30007418124999996 0.43651416562499995 0.1764974546875 0.4185675 0.1700560609375
18 0.4860103931777978 0.17001317363069485 0.044341033386094963 0.021330792553055568
31 0.47156144827150503 0.18296711531006984 0.06474446159934022 0.02492857123840282
26 0.4642346815784576 0.19295971114975735 0.061483069279472245 0.020168336056041715
8 0.45674879051223083 0.20842105698944485 0.0600114974927175 0.02325696846486114
5 0.45243336355262664 0.22239263801149348 0.06630696159934021 0.02496493882958344
11 0.44421168659302257 0.23627330005559063 0.061664925705962936 0.026418336056041714
34 0.4367485275801071 0.25095339589527815 0.06943196159934022 0.0250376740119445
1 0.4277001365138803 0.2663783741437851 0.0646989974927175 0.023366071238402775
6 0.4225579954476535 0.2818942713702434 0.061664925705962936 0.026418336056041714
1 0.4134414082214926 0.29966299961875037 0.06617056927947225 0.02027743882958344
1 0.40669130304864315 0.31670502925402816 0.06943196159934022 0.025037674011944587