19 0.376953125 0.3935546875 0.3798828125 0.396484375 0.474609375 0.3974609375 0.478515625 0.3935546875 0.478515625 0.3662109375 0.4755859375 0.36328125 0.3916015625 0.361328125 0.376953125 0.3642578125 0.376953125 0.3935546875
18 0.3828125 0.3765625 0.009375 0.0203125
23 0.39140625 0.38046875 0.01015625 0.025
26 0.40078125 0.38203125 0.009375 0.02421875
0 0.409375 0.38125 0.01015625 0.021875
7 0.4171875 0.38046875 0.00859375 0.02578125
12 0.4265625 0.3828125 0.00859375 0.0265625
22 0.43671875 0.38203125 0.009375 0.025
1 0.4453125 0.38203125 0.00703125 0.02421875
4 0.45390625 0.3828125 0.009375 0.02421875
2 0.4625 0.3828125 0.0125 0.0265625
4 0.47265625 0.38359375 0.01015625 0.02578125