19 0.515165609375 0.5567481875 0.516664028125 0.6190198578125 0.5218160015625 0.62488180625 0.5695044546875 0.6291737171875 0.5653564203125 0.451646940625 0.56346804375 0.44949833437500003 0.5224921140625 0.44355589375 0.515165609375 0.5567481875
18 0.5492815362670056 0.6166524374984033 0.030870568401734032 0.02100348423243048
23 0.5443742283886153 0.5993740185204517 0.038683068401734036 0.021185322188333446
26 0.5458079257718967 0.5838035699072226 0.03555806840173403 0.021112587005972294
3 0.5456791231551783 0.5681967537028129 0.0338135578783902 0.01795121941479181
0 0.5463315705384597 0.5526081212939935 0.033813557878390375 0.01795121941479181
12 0.546574494244218 0.529988238885174 0.033904563140062294 0.01951371941479163
7 0.5475986679499761 0.5073865402719449 0.03555806840173403 0.021112587005972117
9 0.5466431127024217 0.49098029027194484 0.035467063140062295 0.019550087005972116
0 0.5495938074548674 0.4746649592498963 0.038683068401734036 0.021185322188333446
1 0.5494195022073128 0.45827689304548647 0.0385010578783902 0.018060322188333443