19 0.296875 0.4990234375 0.2978515625 0.458984375 0.1279296875 0.455078125 0.10546875 0.4580078125 0.103515625 0.4951171875 0.1064453125 0.498046875 0.296875 0.4990234375
18 0.11484375 0.475 0.0140625 0.02890625
23 0.13046875 0.4765625 0.0140625 0.0296875
26 0.146875 0.47734375 0.0140625 0.0296875
0 0.1640625 0.47734375 0.015625 0.02890625
7 0.18125 0.47734375 0.01328125 0.0296875
36 0.19921875 0.47734375 0.015625 0.03125
20 0.21796875 0.47734375 0.01640625 0.0296875
1 0.2359375 0.47890625 0.01015625 0.02734375
7 0.2515625 0.47890625 0.01484375 0.03125
7 0.26953125 0.478125 0.0171875 0.0296875
7 0.2875 0.47890625 0.01484375 0.03203125