19 0.6002541906250001 0.37062401093749997 0.5953222171875 0.3658868890625 0.58178375 0.36428539843749996 0.5322043796875 0.37094662968750003 0.52245125 0.3753801203125 0.5224664375 0.38255093281249997 0.588618021875 0.570556240625 0.5915558125 0.571810415625 0.6086517140625001 0.5730159546875 0.645871125 0.569033684375 0.652188625 0.53614129375 0.6274483015625 0.4667725328125 0.6002541906250001 0.37062401093749997
18 0.6322519277753307 0.39239186357552197 0.04316964664195542 0.029844008897248565
23 0.630007381496195 0.41198678057171634 0.05276290145127884 0.03647601087441501
26 0.6186060900263828 0.425713699545077 0.05249008293962447 0.02866351087441501
0 0.6046427937472469 0.44578611901272935 0.04936508293962447 0.028536176882026077
7 0.5923784067239384 0.4618886214841874 0.0493105192372937 0.026973676882026253
12 0.5800048922959682 0.4811161239556453 0.046130955534962756 0.025283842889637496
21 0.5709200689749905 0.4955287924347145 0.05254464664195542 0.03022601087441501
1 0.5578471501005164 0.5124443784042695 0.04607639183263199 0.0237213428896375
4 0.5448015130772079 0.5285787143738248 0.04752976442797028 0.0206600098858317
1 0.537333753458561 0.5413652158566994 0.04451389183263199 0.02365767589344294
1 0.5243699619887489 0.5551558018262546 0.04602182813030105 0.022158842889637497