19 0.30386542968749997 0.8340865140625 0.3071070484375 0.8375458515625 0.3406845046875 0.8344154765624999 0.3585276328125 0.8306590171874999 0.3608121765625 0.8272695234375 0.3620582203125 0.8022861703125 0.376278078125 0.7374899328125 0.3870247484375 0.6638127859375 0.3854875578125 0.656237790625 0.3827420640625 0.6568157921875 0.32746471875 0.671104596875 0.32712014843750004 0.671615825 0.303337721875 0.8314860640624999 0.30386542968749997 0.8340865140625
18 0.312158171904868 0.6858624555432993 0.037790901336727065 0.02674659057054072
23 0.3119581772358681 0.7030499555432993 0.04247840133672707 0.02696491439185813
26 0.31801727323364093 0.7191651071148758 0.04244203866963625 0.02383991439185813
0 0.33035364123173194 0.7326454102580289 0.0392988573360908 0.022131865177646405
7 0.33800250922982294 0.7463440372224996 0.042423857336090796 0.02227741439185813
12 0.3479951272279139 0.7599335022763116 0.03459317600254534 0.020351041356328814
11 0.3540996765595504 0.7721424038478881 0.0392988573360908 0.022131865177646405
6 0.36411047589118684 0.7841693689017001 0.036155676002545344 0.020423815963434677
6 0.37099627522282325 0.7963418831697238 0.037718176002545345 0.02049659057054054
7 0.38103434655477786 0.8060250982235356 0.042423857336090796 0.02227741439185813
9 0.3879201458864143 0.8181976124915593 0.03615567600254525 0.020423815963434677