19 0.622497678125 0.617385321875 0.6258574078125 0.6146252140625 0.638775540625 0.51693245625 0.636231440625 0.513742375 0.6055421890625 0.511579475 0.60400303125 0.51284393125 0.5925168875 0.591942590625 0.5914707359375 0.5997753453125 0.5925873296875 0.6147449125 0.622497678125 0.617385321875
18 0.6112592905792769 0.6113226865686183 0.022020450668363622 0.013646420171816586
23 0.6082524692473221 0.6013302108788778 0.02674431333545435 0.017017081637205677
26 0.6083706479153675 0.5911739608788779 0.026707950668363623 0.013892081637205678
0 0.6100240545830948 0.5832795737237481 0.025163632001908985 0.015372694482076099
7 0.611677461250822 0.5753851865686184 0.026707950668363623 0.013892081637205678
12 0.61102348058564 0.5644886301461831 0.02825226933481808 0.012411468792335612
22 0.6127041592536855 0.5542504929910533 0.028270450668363624 0.013973968792335612
1 0.6135763159214127 0.5463970494134885 0.02512726933481808 0.0122476944820761
4 0.6144666539226854 0.5369811058359236 0.026707950668363623 0.013892081637205678
2 0.6161200605904126 0.5290867186807938 0.02830681333545453 0.017098968792335613
4 0.6162473299252307 0.5181492186807939 0.026726132001908987 0.015454581637205677