19 0.18099978125 0.308535175 0.179392775 0.3282698953125 0.20217014375 0.36452446250000003 0.3062016640625 0.5002514203125 0.30799601249999997 0.50894628125 0.3765553234375 0.592573025 0.3848214859375 0.5971510796875 0.40883090781250003 0.5981313796875 0.4345457203125 0.5927853609375 0.45804821718750005 0.5959003625 0.48601491562500004 0.5948868359375 0.48639150000000003 0.5945385671875 0.48717520625 0.58491431875 0.4545691625 0.549417221875 0.34230964531249997 0.40473271874999994 0.26836727968749996 0.295021390625 0.26624568125 0.294504790625 0.2516187171875 0.293650784375 0.1949272875 0.3049552515625 0.18099978125 0.308535175
18 0.4232674198309727 0.5778080529382654 0.06340918977951393 0.041973484284234176
23 0.4234486045764935 0.5519904156347124 0.06508079255305557 0.04673375889134022
26 0.40878603932201435 0.5268641370986652 0.07274782218833327 0.040847631926869354
0 0.38858198888517403 0.49886756968748835 0.07122168977951393 0.042337357319763666
7 0.3692864750174657 0.4763033649727587 0.06955008700597229 0.037577082712657625
12 0.3474653731938545 0.4460358221686878 0.06958645459715278 0.039139582712657627
21 0.3320033741437851 0.4201646809361934 0.07285692496187508 0.04553513192686935
7 0.30871069129812534 0.3938761627392283 0.09291485182361114 0.03554370181924558
3 0.29006914086128505 0.36580682072094567 0.08815461664124999 0.032200377997927986
5 0.26995600940239617 0.3417165033097689 0.09306032218833335 0.04179370181924558
0 0.25129627516996556 0.3128659112914862 0.08524782218833335 0.04142982878371626