19 0.392578125 0.5712890625 0.39453125 0.5986328125 0.3974609375 0.603515625 0.41015625 0.6025390625 0.5302734375 0.5859375 0.533203125 0.5830078125 0.533203125 0.5498046875 0.5166015625 0.548828125 0.3974609375 0.564453125 0.392578125 0.5712890625
18 0.403125 0.5796875 0.0109375 0.021875
23 0.4140625 0.58359375 0.0125 0.028125
26 0.4265625 0.58203125 0.0125 0.028125
0 0.43984375 0.5796875 0.01171875 0.0265625
7 0.4515625 0.58046875 0.009375 0.028125
36 0.46484375 0.5765625 0.0125 0.02578125
15 0.47734375 0.575 0.01171875 0.02578125
0 0.48984375 0.571875 0.0109375 0.025
2 0.503125 0.5734375 0.0109375 0.0265625
0 0.5140625 0.56953125 0.01015625 0.025
6 0.52578125 0.56875 0.01015625 0.025