19 0.307331284375 0.7734734359375001 0.30344012187499997 0.6474634390625 0.296755271875 0.63991305 0.28608896875 0.6397887328125 0.229730978125 0.647671859375 0.2203047203125 0.656101971875 0.22641465625 0.8323101875000001 0.227241396875 0.8332439734375001 0.256317075 0.8342617984375 0.300793709375 0.8257045953125 0.30432855625 0.8225433015625001 0.307331284375 0.7734734359375001
18 0.275 0.8177405383897692 0.0328125 0.018333337748948252
23 0.26640625 0.803978138752589 0.0421875 0.024910719962933214
26 0.26640625 0.789134388752589 0.0390625 0.020114092558271325
0 0.2640625 0.7720287343060853 0.0390625 0.023239092558271324
7 0.2640625 0.7564037343060853 0.0421875 0.023348219962933216
12 0.26328125 0.7400247661572508 0.0421875 0.018660719962933215
13 0.2625 0.7244270480084163 0.0421875 0.023348219962933216
7 0.2609375 0.708075361710747 0.0390625 0.024801592558271322
8 0.259375 0.6917236754130779 0.0375 0.020059528855940555
8 0.26015625 0.6752901435619124 0.0359375 0.02156746515360979
1 0.25859375 0.6581572072642434 0.0375 0.016934528855940555