19 0.31689883124999996 0.6698103671875 0.3253028578125 0.8232015234375 0.3274448109375 0.8252954875 0.36295993437499996 0.8257087437499999 0.368212715625 0.8224513859375 0.368032809375 0.79158428125 0.3669772953125 0.765680125 0.36087517812500003 0.6679678906250001 0.355492675 0.6648409078124999 0.3233102796875 0.6654035125 0.31689883124999996 0.6698103671875
18 0.34873183802108354 0.8161726293761798 0.03813666996194396 0.016061352005090866
23 0.3466918355496256 0.8044356980426344 0.03494800296574958 0.014462489337999785
26 0.34214891558768173 0.7887652447087709 0.03963550296574958 0.014517033338636054
0 0.3423889961200294 0.7754930853755435 0.028634335969555114 0.012827264003817973
7 0.34341032665237703 0.762230016709089 0.031695668973360736 0.011301126670908879
12 0.3412429901885304 0.7473680853755436 0.0348843359695552 0.012899989337999785
16 0.3421688202265864 0.7317612667090889 0.028634335969555204 0.012827264003817973
9 0.3392839007589341 0.7184527447087709 0.030260502965749492 0.014407945337363514
4 0.33639898129128176 0.7051442227084526 0.03788200197716636 0.00981135200509069
1 0.33647989433314346 0.6879658133752253 0.03332183596955511 0.012881808004454242
7 0.3336268083635884 0.6754385413749071 0.0348843359695552 0.012899989337999785