19 0.34064655781250003 0.5424582515624999 0.3372386734375 0.5430362859375 0.112078546875 0.601990153125 0.10901316406249999 0.6041971328125 0.0967021578125 0.6916867859375 0.205483696875 0.662277596875 0.3238668046875 0.6408136140625 0.3305193484375 0.6341484609375 0.34474566093750003 0.5507602203124999 0.34064655781250003 0.5424582515624999
18 0.3132662816815294 0.6648652905277593 0.03143353847458741 0.051382717535011224
23 0.29061003168152943 0.6638100587247244 0.033541675497895974 0.06708049214211727
26 0.27218741389551454 0.653561763439454 0.031815484390903405 0.06232021753501123
0 0.2492137053653268 0.6391888943328663 0.02389385698624169 0.05883134449948209
7 0.22925586943047738 0.6280865744404901 0.02734623920022683 0.06835189371369381
12 0.20924346979329708 0.618546754548114 0.02562004809323426 0.06359161910658777
20 0.18936747941194393 0.6051006846557379 0.02712798439090336 0.06210189371369381
9 0.1733158934770945 0.5941803012811263 0.02216766587924912 0.05407106989237605
1 0.15645577569107966 0.5840047806029618 0.02389385698624169 0.05883134449948209
3 0.1387598442027339 0.5753553726212445 0.022222229581579933 0.05563356989237604
8 0.12198157197021531 0.5628361019430801 0.02389385698624169 0.05883134449948209