19 0.4513947625 0.5211586859375 0.4401477390625 0.526811490625 0.43989864531249995 0.5980070671875 0.4443112921875 0.6155352046875 0.48721616250000005 0.6075951265625 0.489776284375 0.6032051078125 0.49275318125 0.5257060359375 0.4897669484375 0.514120346875 0.452819359375 0.5208237140625 0.4513947625 0.5211586859375
18 0.4693467910633828 0.6028010203874642 0.03032416996194396 0.01648881802583091
23 0.465935289580508 0.5956788421742187 0.03657416996194396 0.016670674452321777
26 0.4624919545995361 0.5877754139609734 0.039762836958138335 0.018324102665567034
0 0.4644537026223697 0.5784686101209073 0.03813666996194378 0.016716138558944493
7 0.4649166176413978 0.5706788421742187 0.03969916996194396 0.016761602665567032
36 0.4645982826604258 0.5628663421742187 0.039826503954332716 0.019886602665567032
16 0.46577878068325945 0.5535368062808415 0.03651050296574958 0.015108174452321776
9 0.4662735292003847 0.5465282883341528 0.03651050296574958 0.015108174452321776
9 0.4659551942194128 0.5387157883341528 0.03657416996194378 0.016670674452321777
1 0.4648237757403436 0.5300993062808415 0.03813666996194396 0.016716138558944316
8 0.4653185242574688 0.5230907883341528 0.03657416996194396 0.016670674452321777