19 0.616933234375 0.5773088546875 0.5945331781250001 0.6116422734375 0.5938767 0.6157916296875 0.6029891984375 0.6185225296875 0.603199334375 0.6238973999999999 0.59874815625 0.6252193828125 0.6004813875 0.6276704078125 0.587219890625 0.6444607703125 0.5804710421875 0.6603054968750001 0.5495889093749999 0.7080326203125 0.5261121 0.7357656593749999 0.522247809375 0.7453202671875 0.5213580703125 0.750206046875 0.5222913375 0.753212246875 0.5603825125 0.7537624625 0.5909763234375001 0.7614823515625 0.6311289671875 0.762408915625 0.6439441265625 0.755142775 0.6737495078125 0.700815271875 0.6750624609375 0.6925165609375 0.6856060109375 0.67949920625 0.7218320015625 0.61140165625 0.7317190734375 0.6025336515624999 0.746049884375 0.5682794703125 0.7465180375 0.56532044375 0.74285049375 0.5618184578125 0.7316116671875 0.55976666875 0.7205972296875001 0.5588784875 0.6801163484375 0.5600266015625001 0.62682030625 0.5684408546874999 0.616933234375 0.5773088546875
18 0.5720500917120004 0.7386060767795387 0.052471782132453626 0.03305060217691817
23 0.5982716109123303 0.7259597438399142 0.07466503087881246 0.04475199400955034
26 0.6050073442192827 0.7155579571794254 0.06814224623907635 0.03515873920022692
7 0.6161577928864993 0.695617479411944 0.07457410266556704 0.04162699400955017
7 0.6252600082467632 0.6859150971979588 0.07282974623907634 0.0353224303072194
12 0.6403167069139797 0.6658382101746503 0.07618206677218975 0.04324405771188111
12 0.6491688696878188 0.6475420779606651 0.07301160266556703 0.041572430307219396
1 0.661927282461658 0.6291095364908529 0.07292067445232178 0.03844743030721922
1 0.6716061593421199 0.6123486224257022 0.07282974623907634 0.0353224303072194
1 0.6867083221159591 0.5938342354023938 0.07448317445232178 0.038501994009550344
2 0.6986627528364868 0.5746477257837468 0.07930706677218975 0.043353185116542826