19 0.49623929687499996 0.6792191859375001 0.49160439062499994 0.632479903125 0.48842356093749995 0.6300170656249999 0.371812053125 0.6386143609375 0.35832003281249997 0.640753403125 0.35685415468750004 0.642657728125 0.36426531875 0.6913238421875 0.4848678296875 0.6830001203125 0.48545918437499996 0.68297305625 0.4943535 0.6816690328125 0.49623929687499996 0.6792191859375001
18 0.4883968202637994 0.657289620066815 0.01416249394987581 0.017351132001909166
17 0.4766553443661003 0.6610595100652243 0.01739657825883114 0.03613749466899989
28 0.46336954918656054 0.661686218730088 0.01582498789975162 0.03455681333545453
2 0.4516462540070208 0.6623311087284971 0.01739657825883114 0.03613749466899989
6 0.4399138684684013 0.6645384987269063 0.015834078258831142 0.03611931333545435
13 0.42740932328886155 0.6651742980585428 0.01582498789975162 0.03455681333545453
21 0.4156860281093217 0.665819188056952 0.01426248789975162 0.034538632001908987
9 0.4031860281093217 0.6656737373885884 0.01426248789975162 0.034538632001908987
6 0.39146273292978184 0.6663186273869975 0.015806807181592396 0.03143181333545435
7 0.3789490973911625 0.6685169267186339 0.015834078258831142 0.03611931333545435
8 0.36801614257070225 0.6676084073838158 0.01582498789975162 0.03455681333545435